0,-0.124414063990116,0.19140625,10.45556640625,0,0,0,261,-157,-278
0,-0.133984372019768,0.186621099710464,10.4507818222046,0,0,0,260,-152,-273
1,-0.148339852690697,0.186621099710464,10.4459962844849,0,0,0,266,-154,-277
2,-0.11962890625,0.196191415190697,10.4507818222046,0,0,0,264,-154,-274
3,-0.11962890625,0.181835934519768,10.4364261627197,0,0,0,264,-156,-273
4,-0.11962890625,0.181835934519768,10.431640625,0,0,0,264,-154,-271
5,-0.114843755960464,0.196191415190697,10.4603519439697,0,0,0,265,-154,-271
6,-0.124414063990116,0.19140625,10.4364261627197,0,0,0,266,-153,-271
7,-0.114843755960464,0.200976565480232,10.4507818222046,0,0,0,267,-156,-271
8,-0.124414063990116,0.19140625,10.4268560409546,0,0,0,267,-155,-271
9,-0.129199221730232,0.205761715769768,10.431640625,0,0,0,261,-156,-272
10,-0.124414063990116,0.205761715769768,10.431640625,0,0,0,262,-151,-277
11,-0.11962890625,0.186621099710464,10.4412107467651,0,0,0,265,-150,-275
12,-0.11962890625,0.186621099710464,10.431640625,0,0,0,263,-150,-275
13,-0.124414063990116,0.19140625,10.4412107467651,0,0,0,262,-152,-273
14,-0.114843755960464,0.196191415190697,10.45556640625,0,0,0,265,-152,-269
15,-0.138769537210464,0.186621099710464,10.4651365280151,0,0,0,266,-152,-267
16,-0.129199221730232,0.181835934519768,10.4459962844849,0,0,0,263,-155,-271
17,-0.124414063990116,0.181835934519768,10.4412107467651,0,0,0,262,-152,-274
18,-0.1435546875,0.196191415190697,10.4412107467651,0,0,0,264,-152,-272
19,-0.110058598220348,0.19140625,10.4651365280151,0,0,0,264,-152,-272
20,-0.133984372019768,0.177050784230232,10.431640625,0,0,0,261,-152,-271
21,-0.124414063990116,0.19140625,10.4412107467651,0,0,0,260,-152,-272
22,-0.11962890625,0.19140625,10.4459962844849,0,0,0,264,-154,-274
23,-0.11962890625,0.181835934519768,10.4364261627197,0,0,0,266,-156,-270
24,-0.124414063990116,0.186621099710464,10.4459962844849,0,0,0,265,-154,-272
25,-0.11962890625,0.186621099710464,10.4412107467651,0,0,0,264,-150,-273
26,-0.133984372019768,0.19140625,10.4651365280151,0,0,0,260,-148,-273
27,-0.124414063990116,0.186621099710464,10.4603519439697,0,0,0,259,-154,-271
28,-0.11962890625,0.172265633940697,10.4507818222046,0,0,0,260,-154,-272
29,-0.133984372019768,0.19140625,10.4364261627197,0,0,0,262,-151,-271
30,-0.11962890625,0.196191415190697,10.4459962844849,0,0,0,263,-149,-271
31,-0.11962890625,0.177050784230232,10.4507818222046,0,0,0,262,-149,-270
32,-0.11962890625,0.177050784230232,10.4603519439697,0,0,0,263,-153,-270
33,-0.110058598220348,0.19140625,10.431640625,0,0,0,264,-152,-268
34,-0.124414063990116,0.19140625,10.4412107467651,0,0,0,261,-152,-270
35,-0.124414063990116,0.181835934519768,10.4459962844849,0,0,0,262,-156,-268
36,-0.129199221730232,0.186621099710464,10.4364261627197,0,0,0,261,-154,-272
37,-0.11962890625,0.181835934519768,10.4268560409546,0,0,0,265,-153,-272
38,-0.129199221730232,0.19140625,10.4507818222046,0,0,0,265,-152,-269
39,-0.129199221730232,0.19140625,10.4507818222046,0,0,0,263,-152,-270
40,-0.133984372019768,0.210546880960464,10.4459962844849,0,0,0,265,-153,-270
41,-0.148339852690697,0.181835934519768,10.4603519439697,0,0,0,264,-151,-270
42,-0.124414063990116,0.200976565480232,10.4603519439697,0,0,0,264,-152,-272
43,-0.124414063990116,0.19140625,10.4459962844849,0,0,0,265,-150,-271
44,-0.11962890625,0.196191415190697,10.4412107467651,0,0,0,262,-150,-270
45,-0.129199221730232,0.172265633940697,10.4507818222046,0,0,0,262,-150,-269
46,-0.124414063990116,0.200976565480232,10.431640625,0,0,0,261,-150,-272
47,-0.129199221730232,0.196191415190697,10.4459962844849,0,0,0,261,-151,-272
48,-0.133984372019768,0.186621099710464,10.4699220657349,0,0,0,261,-154,-273
49,-0.124414063990116,0.19140625,10.4268560409546,0,0,0,261,-156,-276
50,-0.133984372019768,0.177050784230232,10.4603519439697,0,0,0,260,-157,-272
51,-0.114843755960464,0.205761715769768,10.4459962844849,0,0,0,260,-157,-273
52,-0.133984372019768,0.186621099710464,10.4268560409546,0,0,0,262,-153,-277
53,-0.148339852690697,0.196191415190697,10.4459962844849,0,0,0,267,-147,-276
54,-0.129199221730232,0.200976565480232,10.4699220657349,0,0,0,267,-150,-273
55,-0.114843755960464,0.19140625,10.4459962844849,0,0,0,267,-154,-275
56,-0.129199221730232,0.186621099710464,10.4364261627197,0,0,0,267,-156,-273
57,-0.114843755960464,0.181835934519768,10.4699220657349,0,0,0,265,-155,-274
58,-0.133984372019768,0.19140625,10.4268560409546,0,0,0,263,-155,-276
59,-0.124414063990116,0.181835934519768,10.431640625,0,0,0,263,-155,-275
60,-0.124414063990116,0.200976565480232,10.431640625,0,0,0,263,-153,-274
61,-0.11962890625,0.196191415190697,10.4507818222046,0,0,0,262,-154,-276
62,-0.124414063990116,0.186621099710464,10.45556640625,0,0,0,267,-154,-269
63,-0.110058598220348,0.200976565480232,10.4507818222046,0,0,0,265,-155,-271
64,-0.138769537210464,0.196191415190697,10.431640625,0,0,0,265,-154,-274
65,-0.11962890625,0.172265633940697,10.431640625,0,0,0,267,-153,-273
66,-0.129199221730232,0.196191415190697,10.4412107467651,0,0,0,266,-151,-274
67,-0.133984372019768,0.181835934519768,10.4459962844849,0,0,0,265,-152,-276
68,-0.124414063990116,0.19140625,10.4412107467651,0,0,0,265,-150,-275
69,-0.129199221730232,0.181835934519768,10.4507818222046,0,0,0,263,-151,-274
70,-0.129199221730232,0.181835934519768,10.4507818222046,0,0,0,265,-151,-272
71,-0.129199221730232,0.181835934519768,10.4459962844849,0,0,0,265,-153,-272
72,-0.11962890625,0.181835934519768,10.4268560409546,0,0,0,259,-151,-277
73,-0.110058598220348,0.181835934519768,10.4364261627197,0,0,0,261,-150,-278
74,-0.129199221730232,0.186621099710464,10.4412107467651,0,0,0,258,-155,-276
75,-0.11962890625,0.196191415190697,10.4268560409546,0,0,0,258,-156,-271
76,-0.129199221730232,0.186621099710464,10.4651365280151,0,0,0,260,-155,-274
77,-0.11962890625,0.196191415190697,10.431640625,0,0,0,263,-150,-269
78,-0.114843755960464,0.19140625,10.4364261627197,0,0,0,263,-151,-269
79,-0.110058598220348,0.177050784230232,10.4268560409546,0,0,0,264,-154,-275
80,-0.124414063990116,0.172265633940697,10.4412107467651,0,0,0,262,-152,-273
81,-0.138769537210464,0.200976565480232,10.4507818222046,0,0,0,264,-153,-277
82,-0.114843755960464,0.186621099710464,10.4412107467651,0,0,0,263,-156,-274
83,-0.114843755960464,0.177050784230232,10.4364261627197,0,0,0,262,-154,-274
84,-0.124414063990116,0.181835934519768,10.4364261627197,0,0,0,261,-153,-275
85,-0.124414063990116,0.181835934519768,10.45556640625,0,0,0,261,-152,-275
86,-0.114843755960464,0.19140625,10.4412107467651,0,0,0,261,-153,-274
87,-0.138769537210464,0.186621099710464,10.4125003814697,0,0,0,259,-153,-278
88,-0.124414063990116,0.19140625,10.4507818222046,0,0,0,260,-153,-274
89,-0.148339852690697,0.181835934519768,10.4412107467651,0,0,0,263,-152,-272
90,-0.124414063990116,0.177050784230232,10.431640625,0,0,0,263,-152,-272
91,-0.11962890625,0.186621099710464,10.4412107467651,0,0,0,263,-154,-277
92,-0.133984372019768,0.200976565480232,10.4507818222046,0,0,0,261,-154,-275
93,-0.124414063990116,0.177050784230232,10.4459962844849,0,0,0,263,-154,-277
94,-0.129199221730232,0.177050784230232,10.45556640625,0,0,0,263,-156,-275
95,-0.114843755960464,0.196191415190697,10.4459962844849,0,0,0,264,-157,-274
96,-0.124414063990116,0.19140625,10.4459962844849,0,0,0,264,-153,-274
97,-0.11962890625,0.196191415190697,10.4220705032349,0,0,0,262,-154,-275
98,-0.11962890625,0.172265633940697,10.4364261627197,0,0,0,259,-155,-272
99,-0.133984372019768,0.186621099710464,10.4603519439697,0,0,0,262,-151,-272
100,-0.124414063990116,0.186621099710464,10.4412107467651,0,0,0,262,-149,-275
101,-0.129199221730232,0.177050784230232,10.4459962844849,0,0,0,263,-152,-276
102,-0.124414063990116,0.181835934519768,10.4603519439697,0,0,0,263,-153,-274
103,-0.129199221730232,0.186621099710464,10.4364261627197,0,0,0,263,-155,-275
104,-0.11962890625,0.19140625,10.4364261627197,0,0,0,263,-154,-276
105,-0.11962890625,0.186621099710464,10.4603519439697,0,0,0,262,-154,-274
106,-0.129199221730232,0.19140625,10.4412107467651,0,0,0,263,-153,-276
107,-0.11962890625,0.19140625,10.45556640625,0,0,0,263,-154,-275
108,-0.11962890625,0.177050784230232,10.4412107467651,0,0,0,261,-155,-272
109,-0.114843755960464,0.19140625,10.4268560409546,0,0,0,263,-154,-274
110,-0.114843755960464,0.19140625,10.431640625,0,0,0,262,-154,-275
111,-0.124414063990116,0.186621099710464,10.4364261627197,0,0,0,264,-152,-274
112,-0.114843755960464,0.172265633940697,10.4268560409546,0,0,0,263,-154,-275
113,-0.11962890625,0.196191415190697,10.4459962844849,0,0,0,265,-153,-274
114,-0.138769537210464,0.181835934519768,10.4651365280151,0,0,0,264,-152,-274
115,-0.11962890625,0.172265633940697,10.431640625,0,0,0,262,-152,-273
116,-0.114843755960464,0.19140625,10.4412107467651,0,0,0,264,-151,-272
117,-0.138769537210464,0.186621099710464,10.4507818222046,0,0,0,263,-152,-271
118,-0.110058598220348,0.186621099710464,10.4459962844849,0,0,0,263,-151,-271
119,-0.129199221730232,0.19140625,10.4412107467651,0,0,0,261,-151,-274
120,-0.138769537210464,0.19140625,10.4268560409546,0,0,0,263,-149,-275
121,-0.11962890625,0.19140625,10.4507818222046,0,0,0,265,-149,-275
122,-0.138769537210464,0.196191415190697,10.4699220657349,0,0,0,265,-149,-273
123,-0.133984372019768,0.186621099710464,10.431640625,0,0,0,264,-152,-275
124,-0.138769537210464,0.186621099710464,10.431640625,0,0,0,263,-153,-275
125,-0.129199221730232,0.186621099710464,10.4507818222046,0,0,0,266,-156,-276
126,-0.11962890625,0.196191415190697,10.4412107467651,0,0,0,266,-153,-275
127,-0.11962890625,0.181835934519768,10.431640625,0,0,0,267,-155,-277
128,-0.138769537210464,0.196191415190697,10.4364261627197,0,0,0,265,-154,-276
129,-0.124414063990116,0.172265633940697,10.4651365280151,0,0,0,265,-152,-273
130,-0.114843755960464,0.19140625,10.4172849655151,0,0,0,265,-155,-272
131,-0.133984372019768,0.205761715769768,10.4220705032349,0,0,0,263,-154,-273
132,-0.124414063990116,0.172265633940697,10.4603519439697,0,0,0,264,-151,-275
133,-0.124414063990116,0.196191415190697,10.4459962844849,0,0,0,261,-150,-274
134,-0.11962890625,0.200976565480232,10.4459962844849,0,0,0,262,-151,-276
135,-0.11962890625,0.196191415190697,10.4603519439697,0,0,0,264,-154,-271
136,-0.129199221730232,0.200976565480232,10.4459962844849,0,0,0,261,-151,-270
137,-0.114843755960464,0.186621099710464,10.4412107467651,0,0,0,258,-153,-272
138,-0.129199221730232,0.186621099710464,10.4603519439697,0,0,0,262,-151,-272
139,-0.129199221730232,0.181835934519768,10.4364261627197,0,0,0,262,-152,-273
140,-0.124414063990116,0.196191415190697,10.4364261627197,0,0,0,266,-153,-272
141,-0.124414063990116,0.186621099710464,10.4364261627197,0,0,0,267,-151,-271
142,-0.129199221730232,0.186621099710464,10.4412107467651,0,0,0,264,-154,-274
143,-0.138769537210464,0.186621099710464,10.4507818222046,0,0,0,260,-151,-275
144,-0.124414063990116,0.196191415190697,10.4603519439697,0,0,0,260,-152,-273
145,-0.129199221730232,0.19140625,10.4507818222046,0,0,0,263,-153,-272
146,-0.114843755960464,0.186621099710464,10.4364261627197,0,0,0,263,-152,-271
147,-0.129199221730232,0.19140625,10.4459962844849,0,0,0,261,-150,-269
148,-0.11962890625,0.181835934519768,10.4412107467651,0,0,0,262,-149,-272
149,-0.129199221730232,0.181835934519768,10.4172849655151,0,0,0,260,-150,-273
150,-0.129199221730232,0.177050784230232,10.4364261627197,0,0,0,264,-156,-271
151,-0.11962890625,0.196191415190697,10.4172849655151,0,0,0,263,-153,-274
152,-0.11962890625,0.16748046875,10.4603519439697,0,0,0,265,-151,-276
153,-0.129199221730232,0.181835934519768,10.4364261627197,0,0,0,265,-150,-276
154,-0.124414063990116,0.177050784230232,10.431640625,0,0,0,265,-150,-274
155,-0.138769537210464,0.19140625,10.4507818222046,0,0,0,264,-153,-275
156,-0.124414063990116,0.181835934519768,10.4459962844849,0,0,0,266,-151,-270
157,-0.129199221730232,0.19140625,10.4651365280151,0,0,0,260,-150,-271
158,-0.133984372019768,0.19140625,10.45556640625,0,0,0,261,-153,-272
159,-0.129199221730232,0.200976565480232,10.45556640625,0,0,0,261,-151,-273
160,-0.124414063990116,0.181835934519768,10.4651365280151,0,0,0,261,-152,-274
161,-0.124414063990116,0.196191415190697,10.45556640625,0,0,0,263,-151,-272
162,-0.11962890625,0.177050784230232,10.431640625,0,0,0,260,-152,-269
163,-0.124414063990116,0.186621099710464,10.4364261627197,0,0,0,261,-151,-272
164,-0.114843755960464,0.177050784230232,10.4268560409546,0,0,0,263,-154,-273
165,-0.1435546875,0.177050784230232,10.4412107467651,0,0,0,267,-154,-270
166,-0.129199221730232,0.19140625,10.4699220657349,0,0,0,264,-150,-274
167,-0.114843755960464,0.196191415190697,10.4507818222046,0,0,0,265,-151,-275
168,-0.129199221730232,0.186621099710464,10.4412107467651,0,0,0,266,-151,-275
169,-0.11962890625,0.186621099710464,10.4699220657349,0,0,0,264,-152,-272
170,-0.11962890625,0.181835934519768,10.4507818222046,0,0,0,264,-153,-271
171,-0.129199221730232,0.19140625,10.4651365280151,0,0,0,262,-146,-266
172,-0.129199221730232,0.186621099710464,10.4412107467651,0,0,0,262,-149,-271
173,-0.138769537210464,0.177050784230232,10.45556640625,0,0,0,263,-152,-272
174,-0.133984372019768,0.181835934519768,10.4603519439697,0,0,0,265,-158,-268
175,-0.133984372019768,0.181835934519768,10.431640625,0,0,0,262,-157,-271
176,-0.1435546875,0.19140625,10.4507818222046,0,0,0,261,-155,-273
177,-0.133984372019768,0.177050784230232,10.45556640625,0,0,0,259,-159,-273
178,-0.138769537210464,0.162695318460464,10.4268560409546,0,0,0,265,-155,-271
179,-0.138769537210464,0.177050784230232,10.4603519439697,0,0,0,264,-153,-273
180,-0.138769537210464,0.172265633940697,10.4459962844849,0,0,0,266,-148,-271
181,-0.11962890625,0.181835934519768,10.4172849655151,0,0,0,265,-151,-274
182,-0.11962890625,0.181835934519768,10.4125003814697,0,0,0,262,-153,-275
183,-0.124414063990116,0.200976565480232,10.4603519439697,0,0,0,264,-152,-277
184,-0.11962890625,0.181835934519768,10.4412107467651,0,0,0,264,-152,-277
185,-0.129199221730232,0.186621099710464,10.4364261627197,0,0,0,263,-153,-276
186,-0.124414063990116,0.186621099710464,10.4364261627197,0,0,0,262,-149,-270
187,-0.114843755960464,0.181835934519768,10.45556640625,0,0,0,261,-152,-272
188,-0.11962890625,0.181835934519768,10.4364261627197,0,0,0,263,-153,-275
189,-0.124414063990116,0.186621099710464,10.431640625,0,0,0,266,-155,-274
190,-0.129199221730232,0.19140625,10.431640625,0,0,0,266,-153,-275
191,-0.11962890625,0.177050784230232,10.4651365280151,0,0,0,263,-152,-275
192,-0.11962890625,0.181835934519768,10.431640625,0,0,0,261,-155,-271
193,-0.133984372019768,0.177050784230232,10.4412107467651,0,0,0,263,-153,-271
194,-0.129199221730232,0.186621099710464,10.4220705032349,0,0,0,263,-154,-272
195,-0.114843755960464,0.177050784230232,10.4412107467651,0,0,0,264,-148,-268
196,-0.124414063990116,0.181835934519768,10.4364261627197,0,0,0,265,-150,-273
197,-0.124414063990116,0.177050784230232,10.4459962844849,0,0,0,264,-151,-273
198,-0.148339852690697,0.196191415190697,10.4268560409546,0,0,0,264,-152,-276
199,-0.133984372019768,0.186621099710464,10.431640625,0,0,0,265,-156,-276
200,-0.129199221730232,0.200976565480232,10.4220705032349,0,0,0,264,-155,-278
201,-0.129199221730232,0.181835934519768,10.4507818222046,0,0,0,258,-157,-273
202,-0.124414063990116,0.186621099710464,10.4268560409546,0,0,0,262,-157,-274
203,-0.124414063990116,0.19140625,10.4507818222046,0,0,0,262,-155,-275
204,-0.129199221730232,0.181835934519768,10.431640625,0,0,0,264,-152,-271
205,-0.124414063990116,0.181835934519768,10.4220705032349,0,0,0,264,-155,-273
206,-0.133984372019768,0.186621099710464,10.431640625,0,0,0,264,-155,-272
207,-0.11962890625,0.172265633940697,10.431640625,0,0,0,261,-151,-275
208,-0.11962890625,0.172265633940697,10.4268560409546,0,0,0,262,-150,-276
209,-0.129199221730232,0.177050784230232,10.4507818222046,0,0,0,262,-153,-275
210,-0.114843755960464,0.186621099710464,10.4412107467651,0,0,0,261,-151,-271
211,-0.124414063990116,0.196191415190697,10.431640625,0,0,0,262,-152,-273
212,-0.129199221730232,0.172265633940697,10.4412107467651,0,0,0,262,-153,-271
213,-0.129199221730232,0.177050784230232,10.4507818222046,0,0,0,261,-150,-271
214,-0.11962890625,0.177050784230232,10.4507818222046,0,0,0,261,-151,-271
215,-0.129199221730232,0.181835934519768,10.4268560409546,0,0,0,262,-150,-273
216,-0.129199221730232,0.172265633940697,10.4412107467651,0,0,0,262,-154,-267
217,-0.133984372019768,0.181835934519768,10.431640625,0,0,0,264,-153,-274
218,-0.133984372019768,0.181835934519768,10.4412107467651,0,0,0,265,-152,-273
219,-0.11962890625,0.186621099710464,10.4364261627197,0,0,0,267,-150,-271
220,-0.11962890625,0.181835934519768,10.4507818222046,0,0,0,269,-154,-270
221,-0.133984372019768,0.186621099710464,10.4412107467651,0,0,0,267,-152,-269
222,-0.138769537210464,0.181835934519768,10.4364261627197,0,0,0,266,-152,-273
223,-0.129199221730232,0.186621099710464,10.4507818222046,0,0,0,262,-153,-274
224,-0.129199221730232,0.177050784230232,10.431640625,0,0,0,263,-153,-279
225,-0.124414063990116,0.186621099710464,10.4507818222046,0,0,0,260,-154,-275
226,-0.129199221730232,0.186621099710464,10.4507818222046,0,0,0,262,-151,-276
227,-0.133984372019768,0.181835934519768,10.4412107467651,0,0,0,263,-152,-276
228,-0.124414063990116,0.177050784230232,10.4125003814697,0,0,0,264,-152,-276
229,-0.133984372019768,0.181835934519768,10.4459962844849,0,0,0,263,-152,-276
230,-0.110058598220348,0.186621099710464,10.4268560409546,0,0,0,262,-150,-275
231,-0.133984372019768,0.196191415190697,10.4412107467651,0,0,0,263,-152,-272
232,-0.124414063990116,0.196191415190697,10.4507818222046,0,0,0,263,-152,-270
233,-0.129199221730232,0.181835934519768,10.4364261627197,0,0,0,262,-156,-272
234,-0.124414063990116,0.181835934519768,10.4364261627197,0,0,0,264,-154,-272
235,-0.114843755960464,0.186621099710464,10.4459962844849,0,0,0,264,-152,-274
236,-0.129199221730232,0.196191415190697,10.4459962844849,0,0,0,263,-153,-276
237,-0.129199221730232,0.200976565480232,10.4268560409546,0,0,0,262,-155,-276
238,-0.11962890625,0.200976565480232,10.4459962844849,0,0,0,262,-153,-274
239,-0.124414063990116,0.205761715769768,10.4459962844849,0,0,0,263,-154,-274
240,-0.11962890625,0.19140625,10.4364261627197,0,0,0,263,-153,-275
241,-0.114843755960464,0.19140625,10.4507818222046,0,0,0,266,-152,-275
242,-0.114843755960464,0.200976565480232,10.4412107467651,0,0,0,265,-152,-274
243,-0.11962890625,0.186621099710464,10.4364261627197,0,0,0,262,-155,-271
244,-0.129199221730232,0.181835934519768,10.431640625,0,0,0,264,-156,-271
245,-0.124414063990116,0.181835934519768,10.431640625,0,0,0,259,-156,-266
246,-0.124414063990116,0.200976565480232,10.4459962844849,0,0,0,261,-152,-273
247,-0.138769537210464,0.19140625,10.4459962844849,0,0,0,264,-153,-271
248,-0.133984372019768,0.186621099710464,10.4364261627197,0,0,0,262,-155,-273
249,-0.138769537210464,0.186621099710464,10.4459962844849,0,0,0,260,-155,-274
250,-0.124414063990116,0.200976565480232,10.4651365280151,0,0,0,260,-155,-274
251,-0.133984372019768,0.181835934519768,10.45556640625,0,0,0,262,-153,-274
252,-0.129199221730232,0.19140625,10.431640625,0,0,0,261,-153,-274
253,-0.133984372019768,0.19140625,10.4507818222046,0,0,0,264,-151,-276
254,-0.129199221730232,0.186621099710464,10.4603519439697,0,0,0,266,-152,-275
255,-0.124414063990116,0.16748046875,10.4412107467651,0,0,0,265,-151,-275
255,-0.1435546875,0.19140625,10.40771484375,0,0,0,264,-152,-274
256,-0.124414063990116,0.186621099710464,10.4459962844849,0,0,0,263,-152,-273
257,-0.124414063990116,0.196191415190697,10.4459962844849,0,0,0,261,-152,-272
258,-0.129199221730232,0.200976565480232,10.45556640625,0,0,0,262,-150,-272
259,-0.133984372019768,0.181835934519768,10.4412107467651,0,0,0,262,-152,-273
260,-0.138769537210464,0.177050784230232,10.431640625,0,0,0,264,-154,-275
261,-0.133984372019768,0.19140625,10.4412107467651,0,0,0,265,-155,-274
262,-0.138769537210464,0.186621099710464,10.4268560409546,0,0,0,265,-151,-276
263,-0.124414063990116,0.181835934519768,10.4507818222046,0,0,0,264,-152,-275
264,-0.138769537210464,0.181835934519768,10.45556640625,0,0,0,264,-156,-273
265,-0.129199221730232,0.181835934519768,10.4172849655151,0,0,0,262,-155,-272
266,-0.114843755960464,0.186621099710464,10.4412107467651,0,0,0,265,-155,-272
267,-0.1435546875,0.19140625,10.4459962844849,0,0,0,265,-156,-273
268,-0.129199221730232,0.172265633940697,10.4459962844849,0,0,0,263,-155,-273
269,-0.124414063990116,0.19140625,10.431640625,0,0,0,262,-153,-274
270,-0.133984372019768,0.200976565480232,10.4412107467651,0,0,0,260,-151,-274
271,-0.124414063990116,0.19140625,10.4459962844849,0,0,0,259,-150,-277
272,-0.133984372019768,0.186621099710464,10.431640625,0,0,0,260,-153,-274
273,-0.129199221730232,0.181835934519768,10.4507818222046,0,0,0,263,-152,-273
274,-0.129199221730232,0.19140625,10.4364261627197,0,0,0,264,-153,-273
275,-0.133984372019768,0.186621099710464,10.4507818222046,0,0,0,269,-155,-272
276,-0.129199221730232,0.196191415190697,10.4220705032349,0,0,0,266,-155,-272
277,-0.133984372019768,0.19140625,10.4268560409546,0,0,0,264,-155,-275
278,-0.133984372019768,0.196191415190697,10.431640625,0,0,0,263,-154,-275
279,-0.124414063990116,0.200976565480232,10.45556640625,0,0,0,264,-151,-275
280,-0.138769537210464,0.181835934519768,10.4651365280151,0,0,0,266,-152,-277
281,-0.129199221730232,0.186621099710464,10.4364261627197,0,0,0,264,-148,-274
282,-0.11962890625,0.19140625,10.4364261627197,0,0,0,264,-152,-274
283,-0.129199221730232,0.172265633940697,10.4603519439697,0,0,0,265,-154,-273
284,-0.129199221730232,0.186621099710464,10.4459962844849,0,0,0,264,-156,-275
285,-0.138769537210464,0.19140625,10.4268560409546,0,0,0,265,-154,-275
286,-0.129199221730232,0.181835934519768,10.4125003814697,0,0,0,264,-153,-274
287,-0.124414063990116,0.186621099710464,10.4364261627197,0,0,0,261,-156,-274
288,-0.148339852690697,0.196191415190697,10.4459962844849,0,0,0,261,-157,-272
289,-0.124414063990116,0.177050784230232,10.4459962844849,0,0,0,264,-154,-274
290,-0.129199221730232,0.19140625,10.4364261627197,0,0,0,266,-155,-270
291,-0.129199221730232,0.186621099710464,10.4268560409546,0,0,0,265,-155,-272
292,-0.1435546875,0.196191415190697,10.4364261627197,0,0,0,265,-155,-272
293,-0.11962890625,0.186621099710464,10.4459962844849,0,0,0,263,-153,-275
294,-0.129199221730232,0.200976565480232,10.4459962844849,0,0,0,262,-154,-275
295,-0.124414063990116,0.186621099710464,10.4507818222046,0,0,0,264,-154,-274
296,-0.129199221730232,0.177050784230232,10.4412107467651,0,0,0,267,-155,-275
297,-0.129199221730232,0.186621099710464,10.4412107467651,0,0,0,267,-152,-276
298,-0.124414063990116,0.19140625,10.4172849655151,0,0,0,266,-153,-276
299,-0.133984372019768,0.196191415190697,10.4172849655151,0,0,0,265,-158,-274
300,-0.133984372019768,0.177050784230232,10.4507818222046,0,0,0,263,-155,-276
301,-0.148339852690697,0.205761715769768,10.4172849655151,0,0,0,263,-152,-276
302,-0.129199221730232,0.19140625,10.4459962844849,0,0,0,264,-154,-275
303,-0.124414063990116,0.186621099710464,10.4268560409546,0,0,0,261,-156,-274
304,-0.1435546875,0.200976565480232,10.4412107467651,0,0,0,260,-157,-275
305,-0.124414063990116,0.177050784230232,10.45556640625,0,0,0,263,-154,-274
306,-0.124414063990116,0.172265633940697,10.4268560409546,0,0,0,266,-150,-272
307,-0.129199221730232,0.181835934519768,10.4364261627197,0,0,0,261,-159,-266
308,-0.129199221730232,0.181835934519768,10.4507818222046,0,0,0,262,-161,-266
309,-0.133984372019768,0.177050784230232,10.431640625,0,0,0,263,-159,-267
310,-0.1435546875,0.186621099710464,10.4172849655151,0,0,0,262,-159,-273
311,-0.129199221730232,0.181835934519768,10.4364261627197,0,0,0,260,-153,-272
312,-0.133984372019768,0.16748046875,10.4220705032349,0,0,0,259,-154,-271
313,-0.129199221730232,0.186621099710464,10.4412107467651,0,0,0,261,-155,-271
314,-0.133984372019768,0.19140625,10.4507818222046,0,0,0,263,-155,-271
315,-0.133984372019768,0.177050784230232,10.45556640625,0,0,0,264,-155,-273
316,-0.138769537210464,0.200976565480232,10.4507818222046,0,0,0,260,-154,-272
317,-0.148339852690697,0.19140625,10.4364261627197,0,0,0,259,-154,-271
318,-0.11962890625,0.200976565480232,10.4459962844849,0,0,0,260,-153,-274
319,-0.133984372019768,0.19140625,10.4364261627197,0,0,0,261,-153,-276
320,-0.11962890625,0.186621099710464,10.4268560409546,0,0,0,262,-152,-273
321,-0.124414063990116,0.181835934519768,10.431640625,0,0,0,261,-150,-272
322,-0.1435546875,0.181835934519768,10.4125003814697,0,0,0,260,-153,-273
323,-0.138769537210464,0.177050784230232,10.4459962844849,0,0,0,266,-156,-272
324,-0.124414063990116,0.177050784230232,10.4220705032349,0,0,0,264,-158,-273
325,-0.133984372019768,0.181835934519768,10.431640625,0,0,0,262,-153,-275
326,-0.133984372019768,0.181835934519768,10.4364261627197,0,0,0,261,-152,-272
327,-0.129199221730232,0.181835934519768,10.4412107467651,0,0,0,263,-153,-274
328,-0.11962890625,0.19140625,10.4412107467651,0,0,0,266,-153,-273
329,-0.133984372019768,0.181835934519768,10.4268560409546,0,0,0,268,-151,-271
330,-0.138769537210464,0.196191415190697,10.431640625,0,0,0,266,-151,-270
331,-0.124414063990116,0.172265633940697,10.45556640625,0,0,0,266,-153,-273
332,-0.129199221730232,0.19140625,10.4412107467651,0,0,0,264,-155,-271
333,-0.1435546875,0.196191415190697,10.4364261627197,0,0,0,265,-156,-274
334,-0.114843755960464,0.181835934519768,10.4412107467651,0,0,0,264,-156,-270
335,-0.124414063990116,0.186621099710464,10.4364261627197,0,0,0,260,-149,-270
336,-0.1435546875,0.181835934519768,10.4364261627197,0,0,0,261,-150,-273
337,-0.124414063990116,0.181835934519768,10.45556640625,0,0,0,262,-151,-271
338,-0.133984372019768,0.177050784230232,10.431640625,0,0,0,266,-156,-271
339,-0.129199221730232,0.186621099710464,10.4268560409546,0,0,0,267,-153,-270
340,-0.129199221730232,0.19140625,10.4459962844849,0,0,0,265,-151,-266
341,-0.138769537210464,0.181835934519768,10.4172849655151,0,0,0,262,-153,-271
342,-0.129199221730232,0.186621099710464,10.4364261627197,0,0,0,264,-156,-271
343,-0.138769537210464,0.181835934519768,10.40771484375,0,0,0,261,-154,-275
344,-0.11962890625,0.186621099710464,10.4220705032349,0,0,0,264,-150,-271
345,-0.138769537210464,0.177050784230232,10.4268560409546,0,0,0,260,-149,-270
346,-0.138769537210464,0.186621099710464,10.4459962844849,0,0,0,260,-155,-260
347,-0.133984372019768,0.19140625,10.4459962844849,0,0,0,259,-156,-264
348,-0.133984372019768,0.186621099710464,10.4651365280151,0,0,0,260,-156,-269
349,-0.138769537210464,0.177050784230232,10.4459962844849,0,0,0,259,-157,-273
350,-0.133984372019768,0.19140625,10.4220705032349,0,0,0,260,-153,-274
351,-0.114843755960464,0.186621099710464,10.4268560409546,0,0,0,259,-152,-274
352,-0.124414063990116,0.177050784230232,10.4172849655151,0,0,0,263,-152,-274
353,-0.138769537210464,0.177050784230232,10.4364261627197,0,0,0,264,-152,-272
354,-0.138769537210464,0.16748046875,10.4220705032349,0,0,0,260,-152,-266
355,-0.133984372019768,0.186621099710464,10.45556640625,0,0,0,262,-154,-271
356,-0.124414063990116,0.186621099710464,10.4507818222046,0,0,0,262,-154,-272
357,-0.129199221730232,0.181835934519768,10.4364261627197,0,0,0,260,-156,-271
358,-0.129199221730232,0.162695318460464,10.431640625,0,0,0,261,-155,-271
359,-0.11962890625,0.186621099710464,10.4364261627197,0,0,0,263,-157,-273
360,-0.124414063990116,0.181835934519768,10.4268560409546,0,0,0,261,-150,-272
361,-0.1435546875,0.181835934519768,10.431640625,0,0,0,264,-151,-269
362,-0.133984372019768,0.196191415190697,10.4364261627197,0,0,0,264,-152,-272
363,-0.129199221730232,0.186621099710464,10.4412107467651,0,0,0,265,-154,-271
364,-0.1435546875,0.19140625,10.4459962844849,0,0,0,261,-153,-271
365,-0.148339852690697,0.200976565480232,10.4412107467651,0,0,0,263,-153,-271
366,-0.129199221730232,0.181835934519768,10.431640625,0,0,0,259,-155,-270
367,-0.133984372019768,0.172265633940697,10.45556640625,0,0,0,260,-156,-273
368,-0.1435546875,0.19140625,10.4268560409546,0,0,0,263,-156,-272
369,-0.133984372019768,0.19140625,10.4364261627197,0,0,0,262,-154,-273
370,-0.133984372019768,0.19140625,10.4412107467651,0,0,0,261,-155,-275
371,-0.11962890625,0.181835934519768,10.4412107467651,0,0,0,264,-153,-273
372,-0.138769537210464,0.200976565480232,10.4268560409546,0,0,0,263,-155,-276
373,-0.124414063990116,0.19140625,10.4507818222046,0,0,0,264,-156,-273
374,-0.129199221730232,0.19140625,10.4172849655151,0,0,0,267,-153,-275
375,-0.133984372019768,0.186621099710464,10.4412107467651,0,0,0,267,-153,-275
376,-0.114843755960464,0.19140625,10.4364261627197,0,0,0,265,-152,-274
377,-0.148339852690697,0.186621099710464,10.4459962844849,0,0,0,262,-149,-273
378,-0.124414063990116,0.181835934519768,10.4507818222046,0,0,0,261,-150,-274
379,-0.124414063990116,0.186621099710464,10.431640625,0,0,0,263,-149,-275
380,-0.133984372019768,0.186621099710464,10.431640625,0,0,0,265,-151,-277
381,-0.133984372019768,0.186621099710464,10.4364261627197,0,0,0,262,-154,-275
382,-0.129199221730232,0.196191415190697,10.4268560409546,0,0,0,264,-155,-274
383,-0.11962890625,0.196191415190697,10.4459962844849,0,0,0,262,-155,-272
384,-0.124414063990116,0.186621099710464,10.4507818222046,0,0,0,261,-156,-274
385,-0.138769537210464,0.19140625,10.4507818222046,0,0,0,264,-155,-276
386,-0.129199221730232,0.186621099710464,10.4412107467651,0,0,0,264,-155,-274
387,-0.11962890625,0.19140625,10.431640625,0,0,0,261,-154,-276
388,-0.138769537210464,0.19140625,10.4412107467651,0,0,0,261,-153,-275
389,-0.129199221730232,0.186621099710464,10.4364261627197,0,0,0,260,-153,-275
390,-0.138769537210464,0.186621099710464,10.4412107467651,0,0,0,261,-151,-273
391,-0.1435546875,0.19140625,10.4412107467651,0,0,0,262,-152,-276
392,-0.129199221730232,0.19140625,10.4747076034546,0,0,0,261,-152,-277
393,-0.110058598220348,0.19140625,10.4268560409546,0,0,0,260,-151,-276
394,-0.133984372019768,0.177050784230232,10.4459962844849,0,0,0,261,-150,-276
395,-0.133984372019768,0.19140625,10.4268560409546,0,0,0,262,-153,-270
396,-0.129199221730232,0.181835934519768,10.45556640625,0,0,0,261,-150,-264
397,-0.11962890625,0.177050784230232,10.4220705032349,0,0,0,261,-151,-270
398,-0.133984372019768,0.200976565480232,10.431640625,0,0,0,260,-154,-272
399,-0.11962890625,0.186621099710464,10.4459962844849,0,0,0,262,-153,-270
400,-0.133984372019768,0.19140625,10.4412107467651,0,0,0,262,-154,-272
401,-0.129199221730232,0.196191415190697,10.4364261627197,0,0,0,261,-155,-274
402,-0.133984372019768,0.186621099710464,10.4172849655151,0,0,0,263,-153,-276
403,-0.133984372019768,0.19140625,10.431640625,0,0,0,261,-152,-276
404,-0.133984372019768,0.19140625,10.431640625,0,0,0,261,-153,-276
405,-0.133984372019768,0.19140625,10.4459962844849,0,0,0,260,-154,-277
406,-0.133984372019768,0.200976565480232,10.4699220657349,0,0,0,262,-152,-276
407,-0.1435546875,0.181835934519768,10.4268560409546,0,0,0,263,-152,-276
408,-0.138769537210464,0.177050784230232,10.4220705032349,0,0,0,262,-152,-274
409,-0.11962890625,0.186621099710464,10.4220705032349,0,0,0,261,-151,-273
410,-0.138769537210464,0.186621099710464,10.4412107467651,0,0,0,262,-152,-274
411,-0.124414063990116,0.186621099710464,10.4172849655151,0,0,0,262,-154,-275
412,-0.148339852690697,0.196191415190697,10.4412107467651,0,0,0,262,-151,-275
413,-0.129199221730232,0.19140625,10.4412107467651,0,0,0,262,-154,-275
414,-0.129199221730232,0.186621099710464,10.4172849655151,0,0,0,262,-155,-275
415,-0.124414063990116,0.19140625,10.45556640625,0,0,0,264,-153,-274
416,-0.124414063990116,0.181835934519768,10.4412107467651,0,0,0,265,-151,-277
417,-0.133984372019768,0.181835934519768,10.4220705032349,0,0,0,267,-155,-273
418,-0.124414063990116,0.186621099710464,10.4459962844849,0,0,0,266,-155,-273
419,-0.129199221730232,0.186621099710464,10.4507818222046,0,0,0,266,-154,-271
420,-0.110058598220348,0.172265633940697,10.45556640625,0,0,0,264,-153,-275
421,-0.133984372019768,0.205761715769768,10.4364261627197,0,0,0,264,-154,-276
422,-0.129199221730232,0.186621099710464,10.4412107467651,0,0,0,265,-156,-275
423,-0.129199221730232,0.19140625,10.431640625,0,0,0,265,-153,-273
424,-0.148339852690697,0.19140625,10.4268560409546,0,0,0,263,-155,-274
425,-0.124414063990116,0.186621099710464,10.4412107467651,0,0,0,264,-153,-274
426,-0.114843755960464,0.177050784230232,10.4268560409546,0,0,0,262,-153,-273
427,-0.129199221730232,0.181835934519768,10.4364261627197,0,0,0,262,-152,-272
428,-0.124414063990116,0.181835934519768,10.4220705032349,0,0,0,261,-152,-272
429,-0.129199221730232,0.196191415190697,10.4412107467651,0,0,0,258,-151,-275
430,-0.129199221730232,0.172265633940697,10.4412107467651,0,0,0,261,-152,-272
431,-0.138769537210464,0.181835934519768,10.4125003814697,0,0,0,260,-154,-274
432,-0.133984372019768,0.200976565480232,10.4220705032349,0,0,0,261,-154,-276
433,-0.129199221730232,0.181835934519768,10.45556640625,0,0,0,261,-153,-275
434,-0.11962890625,0.181835934519768,10.4172849655151,0,0,0,262,-152,-273
435,-0.129199221730232,0.19140625,10.4364261627197,0,0,0,262,-152,-269
436,-0.124414063990116,0.196191415190697,10.4507818222046,0,0,0,263,-152,-274
437,-0.138769537210464,0.181835934519768,10.45556640625,0,0,0,264,-153,-274
438,-0.124414063990116,0.186621099710464,10.4268560409546,0,0,0,264,-150,-271
439,-0.129199221730232,0.177050784230232,10.431640625,0,0,0,263,-151,-273
440,-0.138769537210464,0.181835934519768,10.4172849655151,0,0,0,262,-153,-272
441,-0.129199221730232,0.181835934519768,10.4364261627197,0,0,0,263,-155,-270
442,-0.138769537210464,0.181835934519768,10.4364261627197,0,0,0,264,-155,-269
443,-0.124414063990116,0.19140625,10.4220705032349,0,0,0,264,-153,-272
444,-0.138769537210464,0.186621099710464,10.4172849655151,0,0,0,264,-154,-273
445,-0.11962890625,0.181835934519768,10.4412107467651,0,0,0,262,-155,-274
446,-0.124414063990116,0.177050784230232,10.40771484375,0,0,0,261,-152,-275
447,-0.1435546875,0.19140625,10.4412107467651,0,0,0,263,-149,-274
448,-0.124414063990116,0.172265633940697,10.4507818222046,0,0,0,263,-154,-274
449,-0.138769537210464,0.19140625,10.4220705032349,0,0,0,264,-156,-275
450,-0.114843755960464,0.196191415190697,10.431640625,0,0,0,262,-159,-275
451,-0.133984372019768,0.19140625,10.4220705032349,0,0,0,263,-156,-274
452,-0.133984372019768,0.186621099710464,10.4412107467651,0,0,0,263,-154,-274
453,-0.133984372019768,0.186621099710464,10.4125003814697,0,0,0,264,-149,-270
454,-0.124414063990116,0.19140625,10.4507818222046,0,0,0,262,-149,-274
455,-0.129199221730232,0.181835934519768,10.4220705032349,0,0,0,261,-147,-274
456,-0.129199221730232,0.172265633940697,10.4507818222046,0,0,0,263,-149,-274
457,-0.133984372019768,0.177050784230232,10.4507818222046,0,0,0,265,-152,-276
458,-0.133984372019768,0.19140625,10.4412107467651,0,0,0,264,-151,-277
459,-0.11962890625,0.181835934519768,10.4412107467651,0,0,0,262,-153,-275
460,-0.133984372019768,0.19140625,10.4412107467651,0,0,0,263,-151,-273
461,-0.138769537210464,0.186621099710464,10.4412107467651,0,0,0,266,-153,-273
462,-0.129199221730232,0.181835934519768,10.4507818222046,0,0,0,267,-152,-270
463,-0.133984372019768,0.181835934519768,10.431640625,0,0,0,267,-155,-272
464,-0.138769537210464,0.177050784230232,10.4459962844849,0,0,0,267,-154,-271
465,-0.133984372019768,0.172265633940697,10.4364261627197,0,0,0,265,-153,-270
466,-0.138769537210464,0.186621099710464,10.4125003814697,0,0,0,262,-151,-269
467,-0.148339852690697,0.177050784230232,10.4412107467651,0,0,0,262,-154,-269
468,-0.129199221730232,0.181835934519768,10.4172849655151,0,0,0,265,-159,-268
469,-0.1435546875,0.16748046875,10.4412107467651,0,0,0,263,-154,-272
470,-0.11962890625,0.16748046875,10.431640625,0,0,0,264,-157,-272
471,-0.114843755960464,0.19140625,10.431640625,0,0,0,268,-157,-271
472,-0.1435546875,0.181835934519768,10.431640625,0,0,0,268,-155,-272
473,-0.133984372019768,0.186621099710464,10.4268560409546,0,0,0,264,-154,-275
474,-0.133984372019768,0.19140625,10.4220705032349,0,0,0,260,-156,-272
475,-0.138769537210464,0.19140625,10.4268560409546,0,0,0,261,-154,-272
476,-0.129199221730232,0.177050784230232,10.4412107467651,0,0,0,264,-153,-273
477,-0.124414063990116,0.196191415190697,10.4364261627197,0,0,0,261,-152,-265
478,-0.138769537210464,0.19140625,10.4364261627197,0,0,0,261,-156,-264
479,-0.129199221730232,0.186621099710464,10.4459962844849,0,0,0,259,-154,-270
480,-0.129199221730232,0.19140625,10.4459962844849,0,0,0,266,-157,-269
481,-0.1435546875,0.181835934519768,10.4125003814697,0,0,0,262,-155,-273
482,-0.133984372019768,0.200976565480232,10.431640625,0,0,0,261,-155,-273
483,-0.114843755960464,0.177050784230232,10.4268560409546,0,0,0,264,-156,-272
484,-0.124414063990116,0.186621099710464,10.4268560409546,0,0,0,264,-155,-275
485,-0.138769537210464,0.181835934519768,10.4125003814697,0,0,0,263,-156,-272
486,-0.124414063990116,0.177050784230232,10.4412107467651,0,0,0,263,-154,-270
487,-0.138769537210464,0.186621099710464,10.4459962844849,0,0,0,263,-155,-273
488,-0.138769537210464,0.186621099710464,10.4268560409546,0,0,0,263,-153,-276
489,-0.138769537210464,0.200976565480232,10.431640625,0,0,0,263,-153,-277
490,-0.114843755960464,0.186621099710464,10.4364261627197,0,0,0,262,-153,-274
491,-0.1435546875,0.19140625,10.4220705032349,0,0,0,262,-152,-274
492,-0.11962890625,0.19140625,10.4268560409546,0,0,0,261,-151,-270
493,-0.124414063990116,0.181835934519768,10.4220705032349,0,0,0,265,-152,-275
494,-0.11962890625,0.181835934519768,10.4268560409546,0,0,0,265,-156,-274
495,-0.1435546875,0.19140625,10.4412107467651,0,0,0,265,-156,-275
496,-0.133984372019768,0.181835934519768,10.431640625,0,0,0,263,-156,-274
497,-0.133984372019768,0.19140625,10.431640625,0,0,0,261,-157,-274
498,-0.133984372019768,0.177050784230232,10.4268560409546,0,0,0,261,-156,-273
499,-0.133984372019768,0.186621099710464,10.431640625,0,0,0,259,-155,-275
500,-0.124414063990116,0.186621099710464,10.45556640625,0,0,0,261,-153,-275
501,-0.148339852690697,0.181835934519768,10.4364261627197,0,0,0,262,-149,-270
502,-0.133984372019768,0.16748046875,10.4412107467651,0,0,0,264,-150,-272
503,-0.124414063990116,0.186621099710464,10.431640625,0,0,0,263,-151,-272
504,-0.133984372019768,0.172265633940697,10.4459962844849,0,0,0,263,-152,-270
505,-0.138769537210464,0.181835934519768,10.4507818222046,0,0,0,263,-155,-272
506,-0.133984372019768,0.19140625,10.4364261627197,0,0,0,261,-155,-274
507,-0.133984372019768,0.196191415190697,10.431640625,0,0,0,261,-158,-275
508,-0.124414063990116,0.172265633940697,10.4364261627197,0,0,0,259,-155,-276
509,-0.133984372019768,0.196191415190697,10.431640625,0,0,0,262,-156,-274
510,-0.124414063990116,0.177050784230232,10.45556640625,0,0,0,262,-155,-275
510,-0.124414063990116,0.196191415190697,10.40771484375,0,0,0,264,-152,-273
511,-0.133984372019768,0.186621099710464,10.4507818222046,0,0,0,263,-152,-273
512,-0.129199221730232,0.181835934519768,10.431640625,0,0,0,265,-155,-274
513,-0.124414063990116,0.186621099710464,10.45556640625,0,0,0,264,-155,-272
514,-0.124414063990116,0.200976565480232,10.4220705032349,0,0,0,264,-153,-276
515,-0.129199221730232,0.19140625,10.4172849655151,0,0,0,264,-152,-273
516,-0.124414063990116,0.19140625,10.4364261627197,0,0,0,262,-155,-272
517,-0.129199221730232,0.181835934519768,10.431640625,0,0,0,259,-149,-268
518,-0.11962890625,0.177050784230232,10.4412107467651,0,0,0,260,-149,-268
519,-0.129199221730232,0.177050784230232,10.4364261627197,0,0,0,262,-149,-257
520,-0.124414063990116,0.186621099710464,10.40771484375,0,0,0,263,-150,-262
521,-0.133984372019768,0.19140625,10.4459962844849,0,0,0,263,-152,-266
522,-0.124414063990116,0.181835934519768,10.4459962844849,0,0,0,263,-155,-271
523,-0.11962890625,0.181835934519768,10.4412107467651,0,0,0,263,-154,-271
524,-0.133984372019768,0.196191415190697,10.4268560409546,0,0,0,262,-153,-273
525,-0.133984372019768,0.177050784230232,10.4172849655151,0,0,0,262,-151,-275
526,-0.133984372019768,0.181835934519768,10.4412107467651,0,0,0,266,-152,-271
527,-0.124414063990116,0.186621099710464,10.4364261627197,0,0,0,266,-155,-271
528,-0.138769537210464,0.172265633940697,10.4220705032349,0,0,0,263,-154,-274
529,-0.124414063990116,0.19140625,10.431640625,0,0,0,263,-153,-275
530,-0.124414063990116,0.186621099710464,10.4220705032349,0,0,0,264,-151,-273
531,-0.129199221730232,0.172265633940697,10.4268560409546,0,0,0,263,-150,-274
532,-0.114843755960464,0.181835934519768,10.4364261627197,0,0,0,263,-152,-270
533,-0.133984372019768,0.196191415190697,10.4029302597046,0,0,0,262,-154,-272
534,-0.133984372019768,0.172265633940697,10.431640625,0,0,0,260,-154,-274
535,-0.133984372019768,0.19140625,10.4364261627197,0,0,0,261,-152,-271
536,-0.138769537210464,0.200976565480232,10.4364261627197,0,0,0,262,-154,-271
537,-0.129199221730232,0.186621099710464,10.4220705032349,0,0,0,264,-156,-271
538,-0.129199221730232,0.19140625,10.4268560409546,0,0,0,263,-155,-272
539,-0.124414063990116,0.186621099710464,10.4268560409546,0,0,0,261,-154,-274
540,-0.129199221730232,0.181835934519768,10.4507818222046,0,0,0,261,-152,-273
541,-0.11962890625,0.196191415190697,10.4268560409546,0,0,0,259,-154,-272
542,-0.133984372019768,0.186621099710464,10.4412107467651,0,0,0,263,-152,-270
543,-0.148339852690697,0.196191415190697,10.4364261627197,0,0,0,266,-155,-270
544,-0.133984372019768,0.172265633940697,10.4268560409546,0,0,0,265,-154,-272
545,-0.133984372019768,0.186621099710464,10.431640625,0,0,0,265,-154,-274
546,-0.129199221730232,0.181835934519768,10.4412107467651,0,0,0,265,-153,-275
547,-0.129199221730232,0.16748046875,10.431640625,0,0,0,264,-154,-276
548,-0.133984372019768,0.205761715769768,10.4172849655151,0,0,0,261,-155,-276
549,-0.124414063990116,0.19140625,10.4268560409546,0,0,0,262,-153,-277
550,-0.138769537210464,0.181835934519768,10.4364261627197,0,0,0,262,-150,-276
551,-0.138769537210464,0.181835934519768,10.4507818222046,0,0,0,265,-154,-270
552,-0.129199221730232,0.172265633940697,10.4412107467651,0,0,0,264,-153,-273
553,-0.138769537210464,0.181835934519768,10.4412107467651,0,0,0,259,-154,-274
554,-0.124414063990116,0.19140625,10.4268560409546,0,0,0,261,-154,-276
555,-0.11962890625,0.200976565480232,10.431640625,0,0,0,260,-154,-272
556,-0.138769537210464,0.172265633940697,10.4364261627197,0,0,0,261,-152,-275
557,-0.138769537210464,0.196191415190697,10.431640625,0,0,0,266,-149,-272
558,-0.138769537210464,0.177050784230232,10.4220705032349,0,0,0,266,-152,-273
559,-0.1435546875,0.186621099710464,10.4412107467651,0,0,0,264,-151,-275
560,-0.138769537210464,0.16748046875,10.4459962844849,0,0,0,262,-154,-272
561,-0.124414063990116,0.186621099710464,10.4459962844849,0,0,0,264,-154,-274
562,-0.129199221730232,0.181835934519768,10.4364261627197,0,0,0,263,-152,-275
563,-0.133984372019768,0.181835934519768,10.4220705032349,0,0,0,263,-152,-272
564,-0.129199221730232,0.186621099710464,10.4220705032349,0,0,0,261,-152,-272
565,-0.124414063990116,0.196191415190697,10.4172849655151,0,0,0,262,-153,-275
566,-0.11962890625,0.205761715769768,10.4172849655151,0,0,0,265,-154,-271
567,-0.133984372019768,0.19140625,10.4220705032349,0,0,0,262,-155,-274
568,-0.133984372019768,0.186621099710464,10.4172849655151,0,0,0,264,-154,-273
569,-0.133984372019768,0.196191415190697,10.4412107467651,0,0,0,264,-155,-274
570,-0.124414063990116,0.186621099710464,10.4459962844849,0,0,0,262,-152,-273
571,-0.133984372019768,0.186621099710464,10.4268560409546,0,0,0,265,-152,-272
572,-0.1435546875,0.172265633940697,10.4364261627197,0,0,0,263,-149,-272
573,-0.133984372019768,0.181835934519768,10.4412107467651,0,0,0,262,-151,-274
574,-0.133984372019768,0.19140625,10.431640625,0,0,0,263,-151,-274
575,-0.129199221730232,0.19140625,10.431640625,0,0,0,262,-153,-272
576,-0.148339852690697,0.186621099710464,10.4268560409546,0,0,0,261,-154,-273
577,-0.133984372019768,0.177050784230232,10.4459962844849,0,0,0,262,-154,-276
578,-0.124414063990116,0.186621099710464,10.3933591842651,0,0,0,262,-155,-275
579,-0.133984372019768,0.172265633940697,10.4220705032349,0,0,0,260,-156,-273
580,-0.133984372019768,0.177050784230232,10.4507818222046,0,0,0,260,-155,-270
581,-0.1435546875,0.177050784230232,10.431640625,0,0,0,263,-154,-272
582,-0.138769537210464,0.186621099710464,10.4507818222046,0,0,0,265,-154,-271
583,-0.133984372019768,0.181835934519768,10.4364261627197,0,0,0,263,-156,-272
584,-0.129199221730232,0.181835934519768,10.4364261627197,0,0,0,262,-155,-276
585,-0.1435546875,0.177050784230232,10.4172849655151,0,0,0,259,-153,-273
586,-0.138769537210464,0.177050784230232,10.4412107467651,0,0,0,263,-151,-278
587,-0.129199221730232,0.172265633940697,10.4268560409546,0,0,0,261,-151,-273
588,-0.133984372019768,0.181835934519768,10.4412107467651,0,0,0,259,-151,-272
589,-0.138769537210464,0.177050784230232,10.4220705032349,0,0,0,262,-153,-270
590,-0.1435546875,0.177050784230232,10.4364261627197,0,0,0,267,-156,-272
591,-0.129199221730232,0.172265633940697,10.4412107467651,0,0,0,267,-158,-275
592,-0.133984372019768,0.19140625,10.4364261627197,0,0,0,265,-155,-279
593,-0.138769537210464,0.186621099710464,10.4412107467651,0,0,0,261,-156,-276
594,-0.133984372019768,0.186621099710464,10.431640625,0,0,0,260,-156,-276
595,-0.124414063990116,0.19140625,10.4507818222046,0,0,0,265,-156,-277
596,-0.138769537210464,0.186621099710464,10.431640625,0,0,0,265,-154,-276
597,-0.138769537210464,0.200976565480232,10.431640625,0,0,0,267,-153,-272
598,-0.138769537210464,0.19140625,10.4412107467651,0,0,0,266,-152,-274
599,-0.153125002980232,0.186621099710464,10.4364261627197,0,0,0,265,-151,-275
600,-0.148339852690697,0.186621099710464,10.4507818222046,0,0,0,267,-151,-278
601,-0.129199221730232,0.181835934519768,10.4268560409546,0,0,0,266,-150,-275
602,-0.133984372019768,0.186621099710464,10.4364261627197,0,0,0,265,-155,-272
603,-0.1435546875,0.177050784230232,10.4268560409546,0,0,0,262,-151,-274
604,-0.133984372019768,0.186621099710464,10.4220705032349,0,0,0,260,-153,-274
605,-0.138769537210464,0.16748046875,10.4268560409546,0,0,0,261,-154,-272
606,-0.133984372019768,0.196191415190697,10.4412107467651,0,0,0,263,-152,-275
607,-0.133984372019768,0.200976565480232,10.431640625,0,0,0,264,-153,-271
608,-0.11962890625,0.186621099710464,10.431640625,0,0,0,266,-153,-274
609,-0.129199221730232,0.196191415190697,10.4412107467651,0,0,0,266,-155,-275
610,-0.133984372019768,0.172265633940697,10.431640625,0,0,0,265,-152,-273
611,-0.133984372019768,0.196191415190697,10.431640625,0,0,0,263,-152,-272
612,-0.138769537210464,0.177050784230232,10.4364261627197,0,0,0,260,-152,-271
613,-0.129199221730232,0.172265633940697,10.4412107467651,0,0,0,261,-154,-271
614,-0.124414063990116,0.200976565480232,10.4507818222046,0,0,0,264,-154,-272
615,-0.148339852690697,0.177050784230232,10.431640625,0,0,0,265,-154,-275
616,-0.124414063990116,0.19140625,10.4412107467651,0,0,0,267,-156,-272
617,-0.138769537210464,0.177050784230232,10.4220705032349,0,0,0,264,-156,-271
618,-0.1435546875,0.19140625,10.431640625,0,0,0,261,-153,-274
619,-0.133984372019768,0.186621099710464,10.4364261627197,0,0,0,262,-155,-275
620,-0.133984372019768,0.177050784230232,10.431640625,0,0,0,261,-154,-274
621,-0.157910153269768,0.177050784230232,10.4172849655151,0,0,0,263,-152,-273
622,-0.1435546875,0.16748046875,10.431640625,0,0,0,261,-151,-275
623,-0.114843755960464,0.19140625,10.4268560409546,0,0,0,262,-151,-278
624,-0.138769537210464,0.177050784230232,10.4220705032349,0,0,0,264,-150,-274
625,-0.129199221730232,0.177050784230232,10.4220705032349,0,0,0,264,-152,-273
626,-0.129199221730232,0.181835934519768,10.4459962844849,0,0,0,263,-153,-272
627,-0.129199221730232,0.19140625,10.40771484375,0,0,0,262,-156,-272
628,-0.129199221730232,0.19140625,10.4268560409546,0,0,0,264,-153,-273
629,-0.133984372019768,0.181835934519768,10.431640625,0,0,0,266,-154,-273
630,-0.133984372019768,0.181835934519768,10.4459962844849,0,0,0,266,-156,-274
631,-0.138769537210464,0.186621099710464,10.4220705032349,0,0,0,264,-156,-273
632,-0.133984372019768,0.186621099710464,10.4268560409546,0,0,0,262,-154,-273
633,-0.133984372019768,0.177050784230232,10.4412107467651,0,0,0,261,-155,-271
634,-0.129199221730232,0.19140625,10.4412107467651,0,0,0,263,-153,-275
635,-0.138769537210464,0.181835934519768,10.4364261627197,0,0,0,265,-153,-275
636,-0.129199221730232,0.19140625,10.4220705032349,0,0,0,259,-153,-272
637,-0.138769537210464,0.181835934519768,10.4412107467651,0,0,0,263,-155,-274
638,-0.133984372019768,0.177050784230232,10.4220705032349,0,0,0,264,-154,-273
639,-0.129199221730232,0.196191415190697,10.4699220657349,0,0,0,264,-153,-275
640,-0.1435546875,0.177050784230232,10.4220705032349,0,0,0,264,-152,-275
641,-0.1435546875,0.172265633940697,10.4364261627197,0,0,0,265,-153,-274
642,-0.138769537210464,0.181835934519768,10.4268560409546,0,0,0,261,-156,-268
643,-0.133984372019768,0.196191415190697,10.431640625,0,0,0,259,-156,-272
644,-0.124414063990116,0.196191415190697,10.4459962844849,0,0,0,263,-158,-275
645,-0.11962890625,0.181835934519768,10.4364261627197,0,0,0,261,-155,-277
646,-0.124414063990116,0.177050784230232,10.4220705032349,0,0,0,264,-155,-274
647,-0.138769537210464,0.19140625,10.431640625,0,0,0,266,-155,-273
648,-0.129199221730232,0.186621099710464,10.4364261627197,0,0,0,262,-154,-274
649,-0.133984372019768,0.16748046875,10.4364261627197,0,0,0,265,-153,-274
650,-0.133984372019768,0.181835934519768,10.3933591842651,0,0,0,265,-152,-275
651,-0.124414063990116,0.21533203125,10.4412107467651,0,0,0,264,-154,-275
652,-0.1435546875,0.177050784230232,10.431640625,0,0,0,261,-155,-276
653,-0.133984372019768,0.19140625,10.4220705032349,0,0,0,259,-153,-275
654,-0.133984372019768,0.177050784230232,10.4220705032349,0,0,0,262,-153,-274
655,-0.129199221730232,0.19140625,10.4268560409546,0,0,0,263,-152,-273
656,-0.138769537210464,0.186621099710464,10.4220705032349,0,0,0,261,-153,-275
657,-0.133984372019768,0.196191415190697,10.4268560409546,0,0,0,261,-154,-273
658,-0.153125002980232,0.19140625,10.4364261627197,0,0,0,260,-152,-273
659,-0.133984372019768,0.181835934519768,10.4268560409546,0,0,0,260,-153,-275
660,-0.124414063990116,0.181835934519768,10.4364261627197,0,0,0,264,-154,-275
661,-0.133984372019768,0.196191415190697,10.40771484375,0,0,0,264,-155,-276
662,-0.133984372019768,0.181835934519768,10.431640625,0,0,0,265,-157,-273
663,-0.129199221730232,0.177050784230232,10.4220705032349,0,0,0,264,-157,-275
664,-0.129199221730232,0.19140625,10.40771484375,0,0,0,264,-154,-275
665,-0.138769537210464,0.181835934519768,10.431640625,0,0,0,262,-152,-274
666,-0.133984372019768,0.196191415190697,10.4268560409546,0,0,0,262,-151,-276
667,-0.133984372019768,0.186621099710464,10.4412107467651,0,0,0,264,-148,-272
668,-0.133984372019768,0.177050784230232,10.4268560409546,0,0,0,262,-147,-271
669,-0.138769537210464,0.177050784230232,10.4172849655151,0,0,0,263,-153,-275
670,-0.133984372019768,0.186621099710464,10.4220705032349,0,0,0,261,-153,-274
671,-0.124414063990116,0.205761715769768,10.4459962844849,0,0,0,261,-151,-276
672,-0.124414063990116,0.196191415190697,10.40771484375,0,0,0,264,-154,-276
673,-0.129199221730232,0.19140625,10.4412107467651,0,0,0,266,-155,-278
674,-0.11962890625,0.19140625,10.4364261627197,0,0,0,263,-156,-276
675,-0.1435546875,0.172265633940697,10.4172849655151,0,0,0,262,-154,-276
676,-0.124414063990116,0.157910153269768,10.4268560409546,0,0,0,262,-153,-275
677,-0.129199221730232,0.224902346730232,10.4364261627197,0,0,0,265,-153,-276
678,-0.1435546875,0.19140625,10.4412107467651,0,0,0,265,-157,-274
679,-0.138769537210464,0.16748046875,10.4507818222046,0,0,0,262,-154,-275
680,-0.138769537210464,0.200976565480232,10.4172849655151,0,0,0,262,-157,-276
681,-0.138769537210464,0.186621099710464,10.4412107467651,0,0,0,263,-154,-273
682,-0.148339852690697,0.181835934519768,10.4459962844849,0,0,0,262,-154,-273
683,-0.138769537210464,0.181835934519768,10.4268560409546,0,0,0,262,-152,-275
684,-0.129199221730232,0.177050784230232,10.4364261627197,0,0,0,266,-154,-272
685,-0.129199221730232,0.200976565480232,10.4268560409546,0,0,0,267,-153,-273
686,-0.129199221730232,0.181835934519768,10.431640625,0,0,0,263,-150,-274
687,-0.133984372019768,0.186621099710464,10.4459962844849,0,0,0,263,-152,-273
688,-0.133984372019768,0.19140625,10.431640625,0,0,0,264,-153,-273
689,-0.129199221730232,0.186621099710464,10.4412107467651,0,0,0,266,-152,-274
690,-0.1435546875,0.177050784230232,10.431640625,0,0,0,265,-151,-276
691,-0.133984372019768,0.19140625,10.4412107467651,0,0,0,263,-151,-272
692,-0.129199221730232,0.19140625,10.4172849655151,0,0,0,263,-151,-272
693,-0.148339852690697,0.177050784230232,10.45556640625,0,0,0,266,-156,-268
694,-0.133984372019768,0.177050784230232,10.431640625,0,0,0,264,-152,-274
695,-0.138769537210464,0.172265633940697,10.4412107467651,0,0,0,265,-151,-274
696,-0.133984372019768,0.177050784230232,10.4412107467651,0,0,0,266,-155,-275
697,-0.129199221730232,0.172265633940697,10.40771484375,0,0,0,266,-154,-274
698,-0.138769537210464,0.196191415190697,10.4125003814697,0,0,0,264,-154,-276
699,-0.124414063990116,0.172265633940697,10.4651365280151,0,0,0,265,-151,-271
700,-0.138769537210464,0.196191415190697,10.4364261627197,0,0,0,265,-151,-272
701,-0.11962890625,0.181835934519768,10.431640625,0,0,0,265,-154,-274
702,-0.138769537210464,0.181835934519768,10.4459962844849,0,0,0,263,-154,-272
703,-0.129199221730232,0.181835934519768,10.4220705032349,0,0,0,263,-154,-277
704,-0.124414063990116,0.19140625,10.4412107467651,0,0,0,262,-151,-275
705,-0.114843755960464,0.200976565480232,10.4220705032349,0,0,0,258,-154,-273
706,-0.129199221730232,0.181835934519768,10.4412107467651,0,0,0,260,-154,-276
707,-0.133984372019768,0.196191415190697,10.4125003814697,0,0,0,263,-155,-277
708,-0.133984372019768,0.181835934519768,10.4268560409546,0,0,0,265,-156,-272
709,-0.110058598220348,0.177050784230232,10.4268560409546,0,0,0,263,-155,-273
710,-0.133984372019768,0.19140625,10.4459962844849,0,0,0,263,-154,-273
711,-0.129199221730232,0.177050784230232,10.4268560409546,0,0,0,261,-154,-276
712,-0.138769537210464,0.181835934519768,10.431640625,0,0,0,260,-152,-276
713,-0.124414063990116,0.172265633940697,10.431640625,0,0,0,261,-152,-277
714,-0.138769537210464,0.186621099710464,10.4220705032349,0,0,0,261,-147,-275
715,-0.148339852690697,0.200976565480232,10.4412107467651,0,0,0,263,-148,-274
716,-0.124414063990116,0.19140625,10.45556640625,0,0,0,264,-151,-275
717,-0.129199221730232,0.186621099710464,10.431640625,0,0,0,265,-155,-272
718,-0.1435546875,0.196191415190697,10.4268560409546,0,0,0,264,-156,-273
719,-0.153125002980232,0.186621099710464,10.4364261627197,0,0,0,264,-157,-274
720,-0.133984372019768,0.177050784230232,10.4507818222046,0,0,0,261,-158,-269
721,-0.133984372019768,0.186621099710464,10.431640625,0,0,0,262,-155,-272
722,-0.1435546875,0.196191415190697,10.4029302597046,0,0,0,261,-157,-273
723,-0.129199221730232,0.196191415190697,10.4268560409546,0,0,0,267,-153,-271
724,-0.129199221730232,0.177050784230232,10.4125003814697,0,0,0,267,-154,-273
725,-0.11962890625,0.181835934519768,10.4412107467651,0,0,0,265,-153,-273
726,-0.133984372019768,0.19140625,10.4364261627197,0,0,0,265,-152,-272
727,-0.138769537210464,0.200976565480232,10.431640625,0,0,0,266,-151,-272
728,-0.1435546875,0.196191415190697,10.4459962844849,0,0,0,265,-153,-271
729,-0.129199221730232,0.186621099710464,10.4268560409546,0,0,0,261,-151,-270
730,-0.129199221730232,0.177050784230232,10.431640625,0,0,0,263,-152,-274
731,-0.138769537210464,0.181835934519768,10.4412107467651,0,0,0,264,-152,-276
732,-0.138769537210464,0.172265633940697,10.4268560409546,0,0,0,265,-156,-268
733,-0.138769537210464,0.181835934519768,10.4220705032349,0,0,0,261,-155,-272
734,-0.138769537210464,0.181835934519768,10.4220705032349,0,0,0,262,-156,-273
735,-0.129199221730232,0.19140625,10.431640625,0,0,0,260,-155,-271
736,-0.138769537210464,0.196191415190697,10.40771484375,0,0,0,264,-154,-270
737,-0.148339852690697,0.186621099710464,10.431640625,0,0,0,266,-153,-271
738,-0.138769537210464,0.186621099710464,10.4220705032349,0,0,0,266,-151,-270
739,-0.133984372019768,0.186621099710464,10.4220705032349,0,0,0,263,-154,-273
740,-0.138769537210464,0.181835934519768,10.431640625,0,0,0,265,-156,-277
741,-0.138769537210464,0.186621099710464,10.431640625,0,0,0,265,-156,-277
742,-0.133984372019768,0.186621099710464,10.4268560409546,0,0,0,264,-153,-275
743,-0.138769537210464,0.177050784230232,10.4364261627197,0,0,0,259,-154,-277
744,-0.138769537210464,0.19140625,10.40771484375,0,0,0,257,-151,-275
745,-0.138769537210464,0.181835934519768,10.4364261627197,0,0,0,260,-154,-276
746,-0.148339852690697,0.186621099710464,10.431640625,0,0,0,262,-153,-278
747,-0.1435546875,0.172265633940697,10.4364261627197,0,0,0,266,-155,-274
748,-0.138769537210464,0.200976565480232,10.431640625,0,0,0,265,-154,-274
749,-0.133984372019768,0.186621099710464,10.4029302597046,0,0,0,265,-153,-274
750,-0.129199221730232,0.19140625,10.4125003814697,0,0,0,263,-152,-273
751,-0.1435546875,0.181835934519768,10.4220705032349,0,0,0,264,-153,-275
752,-0.129199221730232,0.19140625,10.4364261627197,0,0,0,262,-155,-277
753,-0.133984372019768,0.186621099710464,10.4412107467651,0,0,0,260,-152,-272
754,-0.133984372019768,0.181835934519768,10.4412107467651,0,0,0,263,-152,-275
755,-0.129199221730232,0.186621099710464,10.4412107467651,0,0,0,265,-154,-272
756,-0.133984372019768,0.177050784230232,10.4507818222046,0,0,0,266,-154,-273
757,-0.124414063990116,0.181835934519768,10.4268560409546,0,0,0,265,-151,-275
758,-0.1435546875,0.19140625,10.4172849655151,0,0,0,264,-151,-275
759,-0.138769537210464,0.186621099710464,10.4172849655151,0,0,0,262,-157,-272
760,-0.133984372019768,0.181835934519768,10.4125003814697,0,0,0,264,-159,-273
761,-0.148339852690697,0.181835934519768,10.4412107467651,0,0,0,263,-158,-275
762,-0.133984372019768,0.172265633940697,10.4220705032349,0,0,0,268,-151,-272
763,-0.1435546875,0.19140625,10.4268560409546,0,0,0,265,-153,-272
764,-0.148339852690697,0.172265633940697,10.4364261627197,0,0,0,263,-153,-276
765,-0.129199221730232,0.186621099710464,10.4364261627197,0,0,0,263,-153,-278
765,-0.133984372019768,0.172265633940697,10.4220705032349,0,0,0,260,-154,-277
766,-0.129199221730232,0.186621099710464,10.4268560409546,0,0,0,259,-152,-276
767,-0.133984372019768,0.19140625,10.431640625,0,0,0,258,-151,-271
768,-0.133984372019768,0.177050784230232,10.4220705032349,0,0,0,261,-151,-272
769,-0.1435546875,0.19140625,10.4412107467651,0,0,0,261,-151,-273
770,-0.1435546875,0.19140625,10.4364261627197,0,0,0,263,-154,-275
771,-0.133984372019768,0.186621099710464,10.4220705032349,0,0,0,265,-156,-276
772,-0.133984372019768,0.19140625,10.431640625,0,0,0,265,-155,-278
773,-0.133984372019768,0.181835934519768,10.4268560409546,0,0,0,263,-155,-273
774,-0.133984372019768,0.186621099710464,10.4172849655151,0,0,0,262,-156,-275
775,-0.1435546875,0.205761715769768,10.4268560409546,0,0,0,262,-154,-272
776,-0.138769537210464,0.196191415190697,10.431640625,0,0,0,265,-155,-275
777,-0.129199221730232,0.186621099710464,10.431640625,0,0,0,262,-155,-275
778,-0.1435546875,0.19140625,10.40771484375,0,0,0,263,-155,-276
779,-0.1435546875,0.181835934519768,10.4268560409546,0,0,0,262,-153,-274
780,-0.129199221730232,0.19140625,10.4459962844849,0,0,0,266,-153,-276
781,-0.138769537210464,0.172265633940697,10.4220705032349,0,0,0,265,-152,-273
782,-0.1435546875,0.16748046875,10.4412107467651,0,0,0,263,-155,-273
783,-0.1435546875,0.196191415190697,10.431640625,0,0,0,261,-157,-273
784,-0.124414063990116,0.19140625,10.4364261627197,0,0,0,261,-155,-275
785,-0.133984372019768,0.186621099710464,10.4172849655151,0,0,0,263,-154,-274
786,-0.11962890625,0.181835934519768,10.4268560409546,0,0,0,261,-154,-275
787,-0.133984372019768,0.205761715769768,10.4364261627197,0,0,0,261,-153,-275
788,-0.133984372019768,0.177050784230232,10.40771484375,0,0,0,262,-151,-274
789,-0.129199221730232,0.186621099710464,10.4172849655151,0,0,0,262,-152,-274
790,-0.124414063990116,0.186621099710464,10.431640625,0,0,0,262,-152,-275
791,-0.129199221730232,0.186621099710464,10.431640625,0,0,0,264,-153,-275
792,-0.138769537210464,0.186621099710464,10.4412107467651,0,0,0,262,-154,-272
793,-0.133984372019768,0.19140625,10.4172849655151,0,0,0,263,-153,-273
794,-0.129199221730232,0.162695318460464,10.431640625,0,0,0,263,-153,-276
795,-0.129199221730232,0.186621099710464,10.431640625,0,0,0,262,-155,-274
796,-0.138769537210464,0.186621099710464,10.40771484375,0,0,0,264,-154,-275
797,-0.138769537210464,0.177050784230232,10.4268560409546,0,0,0,263,-154,-276
798,-0.138769537210464,0.19140625,10.4268560409546,0,0,0,263,-154,-276
799,-0.138769537210464,0.172265633940697,10.4268560409546,0,0,0,263,-154,-276
800,-0.138769537210464,0.177050784230232,10.4364261627197,0,0,0,264,-153,-276
801,-0.138769537210464,0.181835934519768,10.4125003814697,0,0,0,266,-152,-275
802,-0.148339852690697,0.196191415190697,10.431640625,0,0,0,262,-153,-275
803,-0.138769537210464,0.181835934519768,10.4412107467651,0,0,0,264,-155,-273
804,-0.129199221730232,0.186621099710464,10.4268560409546,0,0,0,262,-153,-275
805,-0.138769537210464,0.181835934519768,10.4412107467651,0,0,0,261,-152,-274
806,-0.129199221730232,0.177050784230232,10.4412107467651,0,0,0,264,-154,-278
807,-0.1435546875,0.186621099710464,10.4172849655151,0,0,0,263,-152,-278
808,-0.133984372019768,0.196191415190697,10.431640625,0,0,0,265,-151,-275
809,-0.1435546875,0.196191415190697,10.4220705032349,0,0,0,265,-152,-278
810,-0.11962890625,0.172265633940697,10.4220705032349,0,0,0,263,-151,-278
811,-0.1435546875,0.177050784230232,10.4220705032349,0,0,0,263,-154,-277
812,-0.133984372019768,0.181835934519768,10.4268560409546,0,0,0,264,-152,-276
813,-0.16748046875,0.196191415190697,10.40771484375,0,0,0,264,-153,-274
814,-0.095703125,0.196191415190697,10.3215818405151,0,0,0,264,-151,-273
815,-0.133984372019768,0.19140625,10.4459962844849,0,0,0,265,-151,-273
816,-0.172265633940697,0.200976565480232,10.4842777252197,0,0,0,266,-152,-275
817,-0.1435546875,0.181835934519768,10.3981447219849,0,0,0,266,-150,-275
818,-0.162695318460464,0.21533203125,10.4938478469849,0,0,0,266,-151,-272
819,-0.133984372019768,0.181835934519768,10.3981447219849,0,0,0,268,-151,-268
820,-0.133984372019768,0.181835934519768,10.4220705032349,0,0,0,265,-152,-271
821,-0.148339852690697,0.186621099710464,10.4172849655151,0,0,0,264,-154,-274
822,-0.11962890625,0.181835934519768,10.4220705032349,0,0,0,263,-152,-275
823,-0.129199221730232,0.19140625,10.4172849655151,0,0,0,264,-151,-271
824,-0.133984372019768,0.181835934519768,10.4172849655151,0,0,0,260,-149,-269
825,-0.129199221730232,0.186621099710464,10.4459962844849,0,0,0,262,-148,-270
826,-0.129199221730232,0.19140625,10.4268560409546,0,0,0,263,-151,-272
827,-0.133984372019768,0.181835934519768,10.4172849655151,0,0,0,264,-156,-273
828,-0.138769537210464,0.181835934519768,10.4507818222046,0,0,0,263,-156,-274
829,-0.129199221730232,0.19140625,10.4172849655151,0,0,0,262,-154,-275
830,-0.133984372019768,0.19140625,10.4412107467651,0,0,0,261,-153,-277
831,-0.138769537210464,0.19140625,10.4268560409546,0,0,0,259,-154,-274
832,-0.1435546875,0.172265633940697,10.4364261627197,0,0,0,263,-153,-274
833,-0.133984372019768,0.181835934519768,10.4268560409546,0,0,0,265,-152,-275
834,-0.1435546875,0.181835934519768,10.4220705032349,0,0,0,265,-151,-275
835,-0.1435546875,0.181835934519768,10.4125003814697,0,0,0,263,-153,-276
836,-0.1435546875,0.196191415190697,10.4220705032349,0,0,0,261,-152,-275
837,-0.124414063990116,0.172265633940697,10.4268560409546,0,0,0,261,-153,-274
838,-0.1435546875,0.177050784230232,10.4268560409546,0,0,0,263,-153,-277
839,-0.138769537210464,0.19140625,10.4220705032349,0,0,0,262,-154,-273
840,-0.138769537210464,0.181835934519768,10.4220705032349,0,0,0,258,-153,-273
841,-0.138769537210464,0.157910153269768,10.4220705032349,0,0,0,263,-154,-275
842,-0.138769537210464,0.19140625,10.4220705032349,0,0,0,266,-155,-276
843,-0.133984372019768,0.181835934519768,10.4172849655151,0,0,0,265,-155,-274
844,-0.133984372019768,0.172265633940697,10.3981447219849,0,0,0,261,-154,-271
845,-0.138769537210464,0.177050784230232,10.4029302597046,0,0,0,262,-154,-274
846,-0.1435546875,0.181835934519768,10.4459962844849,0,0,0,264,-153,-271
847,-0.129199221730232,0.172265633940697,10.4507818222046,0,0,0,260,-153,-276
848,-0.133984372019768,0.177050784230232,10.4268560409546,0,0,0,264,-150,-272
849,-0.138769537210464,0.177050784230232,10.4364261627197,0,0,0,262,-148,-272
850,-0.133984372019768,0.19140625,10.4268560409546,0,0,0,262,-148,-275
851,-0.148339852690697,0.186621099710464,10.431640625,0,0,0,264,-151,-277
852,-0.129199221730232,0.186621099710464,10.4412107467651,0,0,0,262,-153,-277
853,-0.129199221730232,0.186621099710464,10.4268560409546,0,0,0,262,-156,-277
854,-0.129199221730232,0.177050784230232,10.4125003814697,0,0,0,263,-158,-274
855,-0.1435546875,0.19140625,10.4364261627197,0,0,0,261,-157,-273
856,-0.129199221730232,0.177050784230232,10.4268560409546,0,0,0,264,-157,-273
857,-0.138769537210464,0.177050784230232,10.4125003814697,0,0,0,265,-154,-273
858,-0.148339852690697,0.181835934519768,10.4220705032349,0,0,0,271,-154,-271
859,-0.133984372019768,0.19140625,10.4268560409546,0,0,0,268,-154,-274
860,-0.133984372019768,0.181835934519768,10.4125003814697,0,0,0,266,-156,-275
861,-0.138769537210464,0.177050784230232,10.4220705032349,0,0,0,265,-154,-274
862,-0.153125002980232,0.186621099710464,10.4220705032349,0,0,0,266,-153,-276
863,-0.133984372019768,0.181835934519768,10.4172849655151,0,0,0,264,-154,-274
864,-0.1435546875,0.181835934519768,10.4125003814697,0,0,0,262,-155,-268
865,-0.138769537210464,0.181835934519768,10.4268560409546,0,0,0,262,-154,-272
866,-0.138769537210464,0.181835934519768,10.4364261627197,0,0,0,265,-156,-272
867,-0.1435546875,0.186621099710464,10.4220705032349,0,0,0,266,-156,-274
868,-0.138769537210464,0.181835934519768,10.4220705032349,0,0,0,265,-154,-272
869,-0.138769537210464,0.181835934519768,10.4125003814697,0,0,0,263,-155,-272
870,-0.138769537210464,0.186621099710464,10.4412107467651,0,0,0,260,-155,-270
871,-0.1435546875,0.177050784230232,10.4125003814697,0,0,0,259,-154,-273
872,-0.138769537210464,0.177050784230232,10.4172849655151,0,0,0,262,-156,-278
873,-0.148339852690697,0.186621099710464,10.4125003814697,0,0,0,264,-158,-276
874,-0.11962890625,0.181835934519768,10.4125003814697,0,0,0,264,-156,-277
875,-0.129199221730232,0.181835934519768,10.4412107467651,0,0,0,260,-157,-278
876,-0.1435546875,0.186621099710464,10.4220705032349,0,0,0,261,-155,-277
877,-0.1435546875,0.19140625,10.4268560409546,0,0,0,261,-154,-279
878,-0.133984372019768,0.19140625,10.4268560409546,0,0,0,262,-153,-279
879,-0.133984372019768,0.181835934519768,10.4364261627197,0,0,0,262,-152,-272
880,-0.129199221730232,0.186621099710464,10.4029302597046,0,0,0,264,-153,-273
881,-0.124414063990116,0.162695318460464,10.4220705032349,0,0,0,265,-155,-273
882,-0.133984372019768,0.181835934519768,10.4220705032349,0,0,0,264,-155,-274
883,-0.11962890625,0.181835934519768,10.4268560409546,0,0,0,262,-155,-275
884,-0.133984372019768,0.181835934519768,10.4268560409546,0,0,0,261,-155,-275
885,-0.1435546875,0.186621099710464,10.4220705032349,0,0,0,261,-156,-272
886,-0.1435546875,0.186621099710464,10.431640625,0,0,0,263,-155,-273
887,-0.129199221730232,0.177050784230232,10.4268560409546,0,0,0,264,-153,-274
888,-0.138769537210464,0.181835934519768,10.4268560409546,0,0,0,264,-151,-273
889,-0.1435546875,0.172265633940697,10.4125003814697,0,0,0,266,-154,-272
890,-0.1435546875,0.19140625,10.431640625,0,0,0,263,-152,-271
891,-0.1435546875,0.181835934519768,10.4364261627197,0,0,0,261,-153,-273
892,-0.1435546875,0.16748046875,10.4172849655151,0,0,0,264,-153,-278
893,-0.138769537210464,0.181835934519768,10.4172849655151,0,0,0,264,-150,-277
894,-0.148339852690697,0.177050784230232,10.431640625,0,0,0,262,-152,-274
895,-0.133984372019768,0.186621099710464,10.4412107467651,0,0,0,263,-151,-275
896,-0.129199221730232,0.177050784230232,10.431640625,0,0,0,262,-151,-277
897,-0.138769537210464,0.19140625,10.4172849655151,0,0,0,263,-153,-274
898,-0.1435546875,0.181835934519768,10.4172849655151,0,0,0,261,-153,-277
899,-0.129199221730232,0.177050784230232,10.4268560409546,0,0,0,261,-152,-277
900,-0.133984372019768,0.196191415190697,10.40771484375,0,0,0,265,-153,-276
901,-0.11962890625,0.177050784230232,10.4412107467651,0,0,0,265,-154,-274
902,-0.148339852690697,0.19140625,10.4268560409546,0,0,0,265,-153,-273
903,-0.129199221730232,0.177050784230232,10.4364261627197,0,0,0,265,-148,-274
904,-0.1435546875,0.196191415190697,10.4364261627197,0,0,0,266,-152,-275
905,-0.133984372019768,0.181835934519768,10.40771484375,0,0,0,264,-154,-274
906,-0.133984372019768,0.172265633940697,10.4507818222046,0,0,0,264,-153,-274
907,-0.133984372019768,0.186621099710464,10.431640625,0,0,0,264,-153,-271
908,-0.148339852690697,0.16748046875,10.4412107467651,0,0,0,262,-151,-272
909,-0.124414063990116,0.181835934519768,10.431640625,0,0,0,262,-150,-272
910,-0.138769537210464,0.186621099710464,10.4220705032349,0,0,0,263,-149,-274
911,-0.138769537210464,0.186621099710464,10.4268560409546,0,0,0,261,-153,-275
912,-0.138769537210464,0.177050784230232,10.4412107467651,0,0,0,261,-152,-274
913,-0.1435546875,0.200976565480232,10.4268560409546,0,0,0,263,-153,-276
914,-0.138769537210464,0.16748046875,10.40771484375,0,0,0,264,-155,-275
915,-0.138769537210464,0.177050784230232,10.431640625,0,0,0,263,-156,-275
916,-0.1435546875,0.181835934519768,10.4507818222046,0,0,0,263,-155,-275
917,-0.138769537210464,0.186621099710464,10.431640625,0,0,0,263,-153,-276
918,-0.138769537210464,0.19140625,10.4268560409546,0,0,0,262,-153,-276
919,-0.133984372019768,0.172265633940697,10.4364261627197,0,0,0,263,-154,-278
920,-0.1435546875,0.172265633940697,10.431640625,0,0,0,260,-156,-278
921,-0.133984372019768,0.177050784230232,10.431640625,0,0,0,263,-154,-279
922,-0.133984372019768,0.172265633940697,10.40771484375,0,0,0,263,-156,-279
923,-0.138769537210464,0.177050784230232,10.431640625,0,0,0,262,-154,-277
924,-0.1435546875,0.177050784230232,10.431640625,0,0,0,263,-154,-275
925,-0.153125002980232,0.19140625,10.4459962844849,0,0,0,262,-156,-274
926,-0.133984372019768,0.181835934519768,10.4364261627197,0,0,0,261,-154,-273
927,-0.133984372019768,0.181835934519768,10.4268560409546,0,0,0,262,-156,-276
928,-0.133984372019768,0.177050784230232,10.4268560409546,0,0,0,265,-155,-277
929,-0.114843755960464,0.186621099710464,10.4172849655151,0,0,0,264,-152,-277
930,-0.133984372019768,0.19140625,10.4268560409546,0,0,0,263,-151,-278
931,-0.133984372019768,0.19140625,10.431640625,0,0,0,262,-156,-277
932,-0.129199221730232,0.19140625,10.431640625,0,0,0,264,-157,-274
933,-0.138769537210464,0.19140625,10.4268560409546,0,0,0,263,-154,-275
934,-0.133984372019768,0.177050784230232,10.4268560409546,0,0,0,264,-155,-278
935,-0.129199221730232,0.19140625,10.4172849655151,0,0,0,265,-151,-275
936,-0.153125002980232,0.177050784230232,10.4029302597046,0,0,0,265,-150,-277
937,-0.1435546875,0.181835934519768,10.4125003814697,0,0,0,264,-150,-279
938,-0.157910153269768,0.181835934519768,10.431640625,0,0,0,261,-154,-280
939,-0.124414063990116,0.19140625,10.4603519439697,0,0,0,259,-154,-276
940,-0.124414063990116,0.177050784230232,10.4029302597046,0,0,0,261,-155,-275
941,-0.138769537210464,0.186621099710464,10.3933591842651,0,0,0,263,-155,-277
942,-0.153125002980232,0.186621099710464,10.4268560409546,0,0,0,265,-153,-276
943,-0.133984372019768,0.196191415190697,10.4220705032349,0,0,0,265,-154,-273
944,-0.133984372019768,0.172265633940697,10.4268560409546,0,0,0,264,-155,-275
945,-0.138769537210464,0.177050784230232,10.4172849655151,0,0,0,269,-157,-274
946,-0.129199221730232,0.172265633940697,10.4172849655151,0,0,0,266,-157,-274
947,-0.1435546875,0.177050784230232,10.4459962844849,0,0,0,263,-156,-275
948,-0.133984372019768,0.186621099710464,10.4125003814697,0,0,0,261,-153,-273
949,-0.1435546875,0.196191415190697,10.4125003814697,0,0,0,263,-153,-275
950,-0.138769537210464,0.19140625,10.4125003814697,0,0,0,265,-154,-275
951,-0.153125002980232,0.19140625,10.4220705032349,0,0,0,262,-153,-277
952,-0.153125002980232,0.19140625,10.4172849655151,0,0,0,261,-153,-276
953,-0.1435546875,0.177050784230232,10.4268560409546,0,0,0,260,-156,-275
954,-0.138769537210464,0.181835934519768,10.4268560409546,0,0,0,263,-157,-273
955,-0.138769537210464,0.186621099710464,10.4172849655151,0,0,0,264,-155,-275
956,-0.138769537210464,0.16748046875,10.4220705032349,0,0,0,264,-155,-277
957,-0.148339852690697,0.177050784230232,10.4412107467651,0,0,0,263,-155,-276
958,-0.129199221730232,0.177050784230232,10.4172849655151,0,0,0,263,-152,-274
959,-0.129199221730232,0.186621099710464,10.4364261627197,0,0,0,264,-150,-274
960,-0.138769537210464,0.19140625,10.4172849655151,0,0,0,266,-151,-274
961,-0.148339852690697,0.186621099710464,10.4125003814697,0,0,0,263,-150,-276
962,-0.1435546875,0.196191415190697,10.4364261627197,0,0,0,262,-151,-273
963,-0.138769537210464,0.181835934519768,10.4364261627197,0,0,0,263,-154,-273
964,-0.148339852690697,0.177050784230232,10.4125003814697,0,0,0,264,-154,-276
965,-0.129199221730232,0.181835934519768,10.4268560409546,0,0,0,262,-155,-277
966,-0.129199221730232,0.172265633940697,10.4268560409546,0,0,0,261,-153,-272
967,-0.124414063990116,0.181835934519768,10.40771484375,0,0,0,259,-153,-274
968,-0.129199221730232,0.162695318460464,10.3933591842651,0,0,0,261,-154,-278
969,-0.1435546875,0.19140625,10.4220705032349,0,0,0,265,-158,-271
970,-0.129199221730232,0.186621099710464,10.4172849655151,0,0,0,268,-161,-269
971,-0.138769537210464,0.186621099710464,10.4268560409546,0,0,0,266,-160,-275
972,-0.1435546875,0.19140625,10.40771484375,0,0,0,262,-155,-272
973,-0.129199221730232,0.181835934519768,10.4220705032349,0,0,0,265,-153,-275
974,-0.138769537210464,0.196191415190697,10.4268560409546,0,0,0,263,-151,-275
975,-0.11962890625,0.177050784230232,10.4220705032349,0,0,0,269,-150,-275
976,-0.138769537210464,0.186621099710464,10.4029302597046,0,0,0,266,-152,-276
977,-0.138769537210464,0.186621099710464,10.4268560409546,0,0,0,265,-153,-275
978,-0.138769537210464,0.196191415190697,10.4364261627197,0,0,0,263,-154,-273
979,-0.129199221730232,0.196191415190697,10.431640625,0,0,0,264,-154,-272
980,-0.129199221730232,0.181835934519768,10.431640625,0,0,0,264,-154,-262
981,-0.138769537210464,0.177050784230232,10.4172849655151,0,0,0,259,-151,-266
982,-0.1435546875,0.177050784230232,10.431640625,0,0,0,261,-151,-271
983,-0.124414063990116,0.186621099710464,10.4268560409546,0,0,0,262,-152,-275
984,-0.138769537210464,0.186621099710464,10.431640625,0,0,0,265,-155,-274
985,-0.138769537210464,0.19140625,10.4364261627197,0,0,0,264,-154,-272
986,-0.138769537210464,0.181835934519768,10.4412107467651,0,0,0,265,-152,-274
987,-0.138769537210464,0.181835934519768,10.4220705032349,0,0,0,261,-154,-273
988,-0.138769537210464,0.186621099710464,10.4220705032349,0,0,0,263,-149,-275
989,-0.1435546875,0.19140625,10.4172849655151,0,0,0,263,-150,-275
990,-0.138769537210464,0.181835934519768,10.4268560409546,0,0,0,264,-148,-271
991,-0.1435546875,0.181835934519768,10.4029302597046,0,0,0,264,-151,-270
992,-0.138769537210464,0.177050784230232,10.4125003814697,0,0,0,266,-153,-276
993,-0.133984372019768,0.186621099710464,10.4125003814697,0,0,0,265,-154,-276
994,-0.133984372019768,0.186621099710464,10.431640625,0,0,0,261,-156,-277
995,-0.138769537210464,0.181835934519768,10.40771484375,0,0,0,265,-157,-275
996,-0.1435546875,0.186621099710464,10.4412107467651,0,0,0,260,-156,-275
997,-0.133984372019768,0.177050784230232,10.4364261627197,0,0,0,261,-154,-275
998,-0.148339852690697,0.186621099710464,10.4220705032349,0,0,0,261,-153,-276
999,-0.148339852690697,0.177050784230232,10.4172849655151,0,0,0,267,-153,-269
1000,-0.138769537210464,0.172265633940697,10.4364261627197,0,0,0,266,-154,-270
1001,-0.1435546875,0.186621099710464,10.4172849655151,0,0,0,265,-152,-276
1002,-0.148339852690697,0.181835934519768,10.4125003814697,0,0,0,262,-152,-275
1003,-0.133984372019768,0.177050784230232,10.4268560409546,0,0,0,263,-152,-275
1004,-0.148339852690697,0.177050784230232,10.4268560409546,0,0,0,264,-149,-274
1005,-0.138769537210464,0.177050784230232,10.4364261627197,0,0,0,262,-149,-270
1006,-0.133984372019768,0.186621099710464,10.4125003814697,0,0,0,261,-152,-271
1007,-0.129199221730232,0.181835934519768,10.40771484375,0,0,0,263,-154,-272
1008,-0.1435546875,0.181835934519768,10.40771484375,0,0,0,268,-157,-271
1009,-0.138769537210464,0.172265633940697,10.4268560409546,0,0,0,265,-157,-277
1010,-0.1435546875,0.186621099710464,10.4412107467651,0,0,0,264,-154,-276
1011,-0.138769537210464,0.19140625,10.4172849655151,0,0,0,264,-157,-273
1012,-0.129199221730232,0.177050784230232,10.4172849655151,0,0,0,264,-157,-274
1013,-0.129199221730232,0.181835934519768,10.3981447219849,0,0,0,262,-156,-273
1014,-0.1435546875,0.181835934519768,10.40771484375,0,0,0,261,-152,-271
1015,-0.133984372019768,0.181835934519768,10.4412107467651,0,0,0,260,-150,-271
1016,-0.133984372019768,0.196191415190697,10.4268560409546,0,0,0,260,-152,-272
1017,-0.1435546875,0.186621099710464,10.431640625,0,0,0,262,-154,-272
1018,-0.133984372019768,0.181835934519768,10.4268560409546,0,0,0,262,-153,-275
1019,-0.138769537210464,0.177050784230232,10.4268560409546,0,0,0,263,-152,-274
1020,-0.133984372019768,0.181835934519768,10.4172849655151,0,0,0,262,-152,-270
1020,-0.148339852690697,0.186621099710464,10.4125003814697,0,0,0,261,-151,-273
1021,-0.138769537210464,0.181835934519768,10.4172849655151,0,0,0,263,-153,-274
1022,-0.133984372019768,0.186621099710464,10.4125003814697,0,0,0,263,-151,-269
1023,-0.1435546875,0.177050784230232,10.4364261627197,0,0,0,263,-152,-273
1024,-0.1435546875,0.19140625,10.4268560409546,0,0,0,265,-152,-276
1025,-0.138769537210464,0.19140625,10.4125003814697,0,0,0,262,-152,-277
1026,-0.1435546875,0.19140625,10.40771484375,0,0,0,263,-152,-275
1027,-0.157910153269768,0.181835934519768,10.4125003814697,0,0,0,264,-152,-274
1028,-0.1435546875,0.181835934519768,10.4412107467651,0,0,0,261,-148,-270
1029,-0.133984372019768,0.186621099710464,10.4364261627197,0,0,0,264,-151,-272
1030,-0.138769537210464,0.181835934519768,10.4364261627197,0,0,0,263,-151,-271
1031,-0.138769537210464,0.186621099710464,10.4220705032349,0,0,0,264,-151,-271
1032,-0.129199221730232,0.172265633940697,10.4029302597046,0,0,0,259,-154,-273
1033,-0.1435546875,0.181835934519768,10.4268560409546,0,0,0,259,-154,-274
1034,-0.133984372019768,0.181835934519768,10.40771484375,0,0,0,258,-158,-273
1035,-0.148339852690697,0.181835934519768,10.4268560409546,0,0,0,258,-156,-274
1036,-0.133984372019768,0.177050784230232,10.4268560409546,0,0,0,267,-152,-257
1037,-0.133984372019768,0.172265633940697,10.4268560409546,0,0,0,266,-150,-264
1038,-0.1435546875,0.19140625,10.4220705032349,0,0,0,266,-152,-266
1039,-0.138769537210464,0.181835934519768,10.431640625,0,0,0,264,-153,-270
1040,-0.148339852690697,0.172265633940697,10.4220705032349,0,0,0,264,-154,-270
1041,-0.138769537210464,0.162695318460464,10.4220705032349,0,0,0,264,-153,-273
1042,-0.148339852690697,0.181835934519768,10.4412107467651,0,0,0,261,-154,-275
1043,-0.138769537210464,0.181835934519768,10.3837890625,0,0,0,262,-154,-269
1044,-0.1435546875,0.186621099710464,10.4220705032349,0,0,0,263,-154,-271
1045,-0.1435546875,0.172265633940697,10.4125003814697,0,0,0,261,-154,-274
1046,-0.138769537210464,0.181835934519768,10.4364261627197,0,0,0,261,-154,-276
1047,-0.129199221730232,0.172265633940697,10.4125003814697,0,0,0,262,-154,-276
1048,-0.1435546875,0.181835934519768,10.4125003814697,0,0,0,262,-152,-273
1049,-0.133984372019768,0.186621099710464,10.431640625,0,0,0,265,-155,-274
1050,-0.129199221730232,0.177050784230232,10.4172849655151,0,0,0,268,-158,-265
1051,-0.138769537210464,0.181835934519768,10.4172849655151,0,0,0,262,-152,-270
1052,-0.129199221730232,0.177050784230232,10.431640625,0,0,0,263,-149,-272
1053,-0.133984372019768,0.172265633940697,10.4459962844849,0,0,0,264,-150,-275
1054,-0.1435546875,0.177050784230232,10.4029302597046,0,0,0,263,-152,-275
1055,-0.162695318460464,0.186621099710464,10.4220705032349,0,0,0,263,-153,-277
1056,-0.138769537210464,0.181835934519768,10.4172849655151,0,0,0,263,-153,-274
1057,-0.153125002980232,0.177050784230232,10.4029302597046,0,0,0,263,-154,-275
1058,-0.1435546875,0.196191415190697,10.4029302597046,0,0,0,265,-153,-276
1059,-0.153125002980232,0.186621099710464,10.4268560409546,0,0,0,266,-153,-273
1060,-0.138769537210464,0.181835934519768,10.4220705032349,0,0,0,265,-152,-275
1061,-0.1435546875,0.16748046875,10.4125003814697,0,0,0,265,-153,-276
1062,-0.133984372019768,0.177050784230232,10.4172849655151,0,0,0,265,-154,-274
1063,-0.138769537210464,0.19140625,10.4412107467651,0,0,0,263,-154,-277
1064,-0.148339852690697,0.177050784230232,10.4172849655151,0,0,0,262,-154,-274
1065,-0.153125002980232,0.186621099710464,10.4220705032349,0,0,0,261,-155,-275
1066,-0.1435546875,0.186621099710464,10.431640625,0,0,0,263,-154,-277
1067,-0.129199221730232,0.196191415190697,10.4364261627197,0,0,0,261,-152,-276
1068,-0.138769537210464,0.181835934519768,10.4220705032349,0,0,0,263,-154,-278
1069,-0.1435546875,0.181835934519768,10.431640625,0,0,0,264,-156,-275
1070,-0.148339852690697,0.181835934519768,10.4172849655151,0,0,0,263,-155,-276
1071,-0.138769537210464,0.19140625,10.4220705032349,0,0,0,262,-154,-275
1072,-0.138769537210464,0.186621099710464,10.431640625,0,0,0,263,-154,-277
1073,-0.148339852690697,0.196191415190697,10.4364261627197,0,0,0,266,-154,-276
1074,-0.1435546875,0.172265633940697,10.40771484375,0,0,0,264,-153,-275
1075,-0.138769537210464,0.181835934519768,10.4029302597046,0,0,0,260,-154,-275
1076,-0.138769537210464,0.172265633940697,10.4364261627197,0,0,0,261,-153,-275
1077,-0.133984372019768,0.172265633940697,10.4268560409546,0,0,0,263,-156,-277
1078,-0.138769537210464,0.186621099710464,10.4125003814697,0,0,0,262,-157,-276
1079,-0.1435546875,0.177050784230232,10.4220705032349,0,0,0,260,-156,-271
1080,-0.138769537210464,0.181835934519768,10.4172849655151,0,0,0,262,-157,-277
1081,-0.133984372019768,0.181835934519768,10.4220705032349,0,0,0,263,-156,-277
1082,-0.138769537210464,0.186621099710464,10.4412107467651,0,0,0,263,-157,-278
1083,-0.153125002980232,0.19140625,10.4364261627197,0,0,0,264,-154,-276
1084,-0.1435546875,0.177050784230232,10.431640625,0,0,0,266,-153,-276
1085,-0.124414063990116,0.181835934519768,10.4220705032349,0,0,0,265,-155,-270
1086,-0.1435546875,0.19140625,10.4125003814697,0,0,0,263,-154,-266
1087,-0.1435546875,0.177050784230232,10.431640625,0,0,0,264,-155,-269
1088,-0.1435546875,0.177050784230232,10.4125003814697,0,0,0,264,-154,-274
1089,-0.148339852690697,0.177050784230232,10.4220705032349,0,0,0,265,-155,-277
1090,-0.153125002980232,0.177050784230232,10.4220705032349,0,0,0,263,-154,-279
1091,-0.138769537210464,0.172265633940697,10.4172849655151,0,0,0,264,-154,-277
1092,-0.138769537210464,0.177050784230232,10.4220705032349,0,0,0,265,-156,-280
1093,-0.138769537210464,0.186621099710464,10.4172849655151,0,0,0,262,-152,-265
1094,-0.148339852690697,0.196191415190697,10.4268560409546,0,0,0,262,-154,-269
1095,-0.133984372019768,0.16748046875,10.4125003814697,0,0,0,264,-157,-267
1096,-0.138769537210464,0.181835934519768,10.40771484375,0,0,0,265,-154,-272
1097,-0.129199221730232,0.172265633940697,10.4268560409546,0,0,0,265,-153,-274
1098,-0.1435546875,0.177050784230232,10.4268560409546,0,0,0,263,-153,-277
1099,-0.138769537210464,0.186621099710464,10.4412107467651,0,0,0,267,-156,-278
1100,-0.133984372019768,0.19140625,10.4125003814697,0,0,0,263,-157,-275
1101,-0.1435546875,0.186621099710464,10.40771484375,0,0,0,264,-155,-272
1102,-0.148339852690697,0.181835934519768,10.431640625,0,0,0,264,-153,-271
1103,-0.133984372019768,0.181835934519768,10.3933591842651,0,0,0,264,-154,-273
1104,-0.133984372019768,0.177050784230232,10.4220705032349,0,0,0,264,-153,-275
1105,-0.133984372019768,0.177050784230232,10.4125003814697,0,0,0,262,-153,-273
1106,-0.129199221730232,0.177050784230232,10.4268560409546,0,0,0,264,-153,-276
1107,-0.148339852690697,0.186621099710464,10.431640625,0,0,0,263,-155,-270
1108,-0.138769537210464,0.205761715769768,10.40771484375,0,0,0,261,-155,-273
1109,-0.1435546875,0.16748046875,10.431640625,0,0,0,262,-152,-274
1110,-0.148339852690697,0.181835934519768,10.3885746002197,0,0,0,266,-153,-271
1111,-0.148339852690697,0.181835934519768,10.4268560409546,0,0,0,264,-152,-272
1112,-0.153125002980232,0.186621099710464,10.40771484375,0,0,0,261,-153,-275
1113,-0.153125002980232,0.186621099710464,10.40771484375,0,0,0,262,-151,-275
1114,-0.133984372019768,0.172265633940697,10.4125003814697,0,0,0,261,-152,-276
1115,-0.138769537210464,0.177050784230232,10.3933591842651,0,0,0,262,-153,-274
1116,-0.0861328169703484,0.157910153269768,10.4220705032349,-0.1220703125,0.18310546875,0.244140625,266,-150,-272
1117,-0.129199221730232,0.186621099710464,10.3885746002197,0.244140625,0,0,264,-153,-274
1118,-0.138769537210464,0.181835934519768,10.4459962844849,0.06103515625,0,0,264,-153,-274
1119,-0.148339852690697,0.196191415190697,10.4125003814697,0,0,0,267,-153,-272
1120,-0.1435546875,0.19140625,10.4268560409546,0,0.06103515625,0,268,-151,-275
1121,-0.133984372019768,0.16748046875,10.4268560409546,0,0,0,267,-153,-264
1122,-0.1435546875,0.181835934519768,10.3981447219849,0,0,0.06103515625,262,-157,-263
1123,-0.157910153269768,0.200976565480232,10.4890623092651,0,0.06103515625,-0.06103515625,265,-156,-270
1124,-0.138769537210464,0.196191415190697,10.4268560409546,0,0,0,267,-155,-271
1125,-0.133984372019768,0.181835934519768,10.4125003814697,0.06103515625,0,0,264,-155,-272
1126,-0.148339852690697,0.200976565480232,10.4172849655151,0,0,0,263,-154,-276
1127,-0.1435546875,0.200976565480232,10.4268560409546,0,0,0,265,-156,-273
1128,-0.138769537210464,0.19140625,10.4699220657349,0,0,0.06103515625,264,-154,-274
1129,-0.1435546875,0.200976565480232,10.4268560409546,0,0,0,261,-153,-274
1130,-0.138769537210464,0.172265633940697,10.4172849655151,-0.06103515625,0,0.06103515625,260,-152,-272
1131,-0.133984372019768,0.186621099710464,10.4172849655151,-0.06103515625,0,0,256,-152,-270
1132,-0.153125002980232,0.181835934519768,10.4220705032349,0,0,0,259,-154,-272
1133,-0.162695318460464,0.16748046875,10.4172849655151,0,0.06103515625,0,262,-155,-275
1134,-0.1435546875,0.181835934519768,10.4125003814697,0,0,0,263,-156,-273
1135,-0.138769537210464,0.181835934519768,10.4412107467651,0,-0.06103515625,0,261,-155,-276
1136,-0.124414063990116,0.196191415190697,10.40771484375,0,0,0,264,-156,-272
1137,-0.138769537210464,0.186621099710464,10.4268560409546,0,0,0,265,-157,-273
1138,-0.133984372019768,0.16748046875,10.4172849655151,0,0,0,265,-158,-276
1139,-0.148339852690697,0.181835934519768,10.4220705032349,0,0,0,265,-155,-276
1140,-0.1435546875,0.177050784230232,10.40771484375,0,0,0,265,-152,-273
1141,-0.1435546875,0.177050784230232,10.3981447219849,0,0,0,265,-154,-276
1142,-0.129199221730232,0.200976565480232,10.4172849655151,0,0,0.06103515625,263,-154,-277
1143,-0.129199221730232,0.186621099710464,10.4125003814697,0,0,-0.06103515625,265,-154,-276
1144,-0.138769537210464,0.177050784230232,10.4268560409546,0,0,0,263,-152,-277
1145,-0.148339852690697,0.186621099710464,10.4364261627197,0,0,0,263,-151,-277
1146,-0.138769537210464,0.181835934519768,10.4220705032349,0,0,0.06103515625,262,-153,-274
1147,-0.138769537210464,0.181835934519768,10.4268560409546,0,0,0,263,-153,-273
1148,-0.1435546875,0.172265633940697,10.431640625,0,0,0,263,-152,-274
1149,-0.138769537210464,0.186621099710464,10.4172849655151,0,0,0,265,-153,-269
1150,-0.133984372019768,0.172265633940697,10.4029302597046,0,0,0,264,-154,-272
1151,-0.133984372019768,0.177050784230232,10.4125003814697,0,0,0,263,-153,-272
1152,-0.1435546875,0.181835934519768,10.40771484375,0,0,0,265,-154,-273
1153,-0.138769537210464,0.181835934519768,10.4220705032349,0,0,0,264,-156,-274
1154,-0.138769537210464,0.19140625,10.3981447219849,0,0,0,264,-153,-274
1155,-0.138769537210464,0.177050784230232,10.431640625,0,0,0,260,-153,-273
1156,-0.148339852690697,0.172265633940697,10.4029302597046,0,0,0,261,-154,-272
1157,-0.153125002980232,0.19140625,10.4172849655151,0,0,0,266,-155,-270
1158,-0.124414063990116,0.177050784230232,10.4220705032349,0,0,0,265,-158,-270
1159,-0.1435546875,0.177050784230232,10.4125003814697,0,0,0,267,-156,-271
1160,-0.133984372019768,0.177050784230232,10.4220705032349,0,0,0,266,-156,-271
1161,-0.148339852690697,0.177050784230232,10.4125003814697,0,0,0,264,-160,-269
1162,-0.1435546875,0.16748046875,10.40771484375,0,0,0,263,-157,-271
1163,-0.138769537210464,0.19140625,10.4412107467651,0,0,0,265,-154,-271
1164,-0.1435546875,0.19140625,10.4125003814697,0,0,0,269,-151,-271
1165,-0.138769537210464,0.181835934519768,10.4125003814697,0,0,0,268,-155,-270
1166,-0.1435546875,0.19140625,10.4220705032349,0,0,0,266,-156,-271
1167,-0.1435546875,0.172265633940697,10.4220705032349,0,0,0,265,-156,-274
1168,-0.138769537210464,0.196191415190697,10.4268560409546,0,0,0,262,-154,-276
1169,-0.1435546875,0.186621099710464,10.4125003814697,0,0,0,266,-152,-276
1170,-0.148339852690697,0.177050784230232,10.4268560409546,0,0,0,261,-151,-272
1171,-0.1435546875,0.19140625,10.4220705032349,0,0,0,265,-152,-272
1172,-0.148339852690697,0.186621099710464,10.4220705032349,0,0,0,265,-152,-275
1173,-0.133984372019768,0.19140625,10.4220705032349,0,0,0,264,-153,-275
1174,-0.148339852690697,0.181835934519768,10.4125003814697,0,0,0,265,-153,-277
1175,-0.148339852690697,0.177050784230232,10.4125003814697,0,0,0,265,-154,-274
1176,-0.148339852690697,0.19140625,10.4220705032349,0,0,0,261,-156,-269
1177,-0.129199221730232,0.181835934519768,10.40771484375,0,0,0,261,-153,-271
1178,-0.157910153269768,0.186621099710464,10.4364261627197,0,0,0,261,-152,-275
1179,-0.1435546875,0.177050784230232,10.4412107467651,0,0,0,262,-154,-274
1180,-0.153125002980232,0.177050784230232,10.4220705032349,0,0,0,265,-154,-276
1181,-0.124414063990116,0.177050784230232,10.4220705032349,0,0,0,266,-156,-274
1182,-0.1435546875,0.177050784230232,10.4220705032349,0,0,0,266,-155,-272
1183,-0.129199221730232,0.186621099710464,10.4029302597046,0,0,0,263,-154,-273
1184,-0.148339852690697,0.181835934519768,10.4220705032349,0,0,0,262,-152,-275
1185,-0.1435546875,0.186621099710464,10.4268560409546,0,0,0,259,-151,-273
1186,-0.157910153269768,0.181835934519768,10.4364261627197,0,0,0,264,-151,-279
1187,-0.133984372019768,0.177050784230232,10.4268560409546,0,0,0,263,-153,-273
1188,-0.1435546875,0.186621099710464,10.4220705032349,0,0,0,262,-153,-271
1189,-0.133984372019768,0.172265633940697,10.431640625,0,0,0,261,-155,-273
1190,-0.129199221730232,0.200976565480232,10.4029302597046,0,0,0,264,-153,-274
1191,-0.148339852690697,0.186621099710464,10.4268560409546,0,0,0,261,-153,-275
1192,-0.153125002980232,0.181835934519768,10.4125003814697,0,0,0,261,-155,-273
1193,-0.138769537210464,0.19140625,10.4364261627197,0,0,0,264,-154,-271
1194,-0.1435546875,0.186621099710464,10.4125003814697,0,0,0,265,-155,-274
1195,-0.153125002980232,0.181835934519768,10.40771484375,0,0,0,263,-155,-274
1196,-0.153125002980232,0.186621099710464,10.4172849655151,0,0,0,262,-152,-271
1197,-0.148339852690697,0.181835934519768,10.4172849655151,0,0,0,262,-155,-272
1198,-0.157910153269768,0.186621099710464,10.4220705032349,0,0,0,263,-154,-275
1199,-0.133984372019768,0.186621099710464,10.4268560409546,0,0,0,264,-153,-274
1200,-0.138769537210464,0.172265633940697,10.3933591842651,0,0,0,263,-151,-275
1201,-0.1435546875,0.186621099710464,10.4125003814697,0,0,0,263,-151,-278
1202,-0.148339852690697,0.181835934519768,10.3981447219849,0,0,0,265,-156,-274
1203,-0.1435546875,0.177050784230232,10.4268560409546,0,0,0,265,-157,-273
1204,-0.1435546875,0.200976565480232,10.4172849655151,0,0,0,263,-155,-273
1205,-0.138769537210464,0.181835934519768,10.3981447219849,0,0,0,263,-153,-271
1206,-0.138769537210464,0.181835934519768,10.4029302597046,0,0,0,264,-151,-273
1207,-0.148339852690697,0.177050784230232,10.4412107467651,0,0,0,264,-153,-273
1208,-0.138769537210464,0.177050784230232,10.4364261627197,0,0,0,266,-154,-269
1209,-0.148339852690697,0.181835934519768,10.431640625,0,0,0,263,-154,-273
1210,-0.1435546875,0.172265633940697,10.4268560409546,0,0,0,264,-154,-274
1211,-0.133984372019768,0.19140625,10.4268560409546,0,0,0,269,-153,-272
1212,-0.138769537210464,0.177050784230232,10.4268560409546,0,0,0,267,-153,-275
1213,-0.129199221730232,0.172265633940697,10.40771484375,0,0,0,265,-155,-275
1214,-0.133984372019768,0.181835934519768,10.4172849655151,0,0,0,264,-154,-274
1215,-0.133984372019768,0.172265633940697,10.3933591842651,0,0,0,265,-157,-273
1216,-0.148339852690697,0.181835934519768,10.431640625,0,0,0,265,-158,-273
1217,-0.138769537210464,0.181835934519768,10.4220705032349,0,0,0,264,-156,-272
1218,-0.153125002980232,0.177050784230232,10.4172849655151,0,0,0,265,-155,-271
1219,-0.129199221730232,0.181835934519768,10.4125003814697,0,0,0,266,-155,-274
1220,-0.1435546875,0.177050784230232,10.4220705032349,0,0,0,266,-154,-277
1221,-0.1435546875,0.181835934519768,10.4220705032349,0,0,0,264,-152,-277
1222,-0.1435546875,0.186621099710464,10.4268560409546,0,0,0,264,-153,-276
1223,-0.129199221730232,0.19140625,10.4220705032349,0,0,0,263,-154,-275
1224,-0.148339852690697,0.181835934519768,10.4459962844849,0,0,0,264,-155,-276
1225,-0.133984372019768,0.181835934519768,10.3981447219849,0,0,0,263,-157,-276
1226,-0.138769537210464,0.177050784230232,10.4268560409546,0,0,0,264,-156,-275
1227,-0.138769537210464,0.19140625,10.431640625,0,0,0,264,-153,-270
1228,-0.157910153269768,0.181835934519768,10.4029302597046,0,0,0,265,-155,-273
1229,-0.148339852690697,0.181835934519768,10.4172849655151,0,0,0,264,-153,-273
1230,-0.138769537210464,0.181835934519768,10.4220705032349,0,0,0,263,-154,-275
1231,-0.133984372019768,0.181835934519768,10.4029302597046,0,0,0,265,-150,-275
1232,-0.1435546875,0.181835934519768,10.4172849655151,0,0,0,263,-152,-274
1233,-0.124414063990116,0.177050784230232,10.4220705032349,0,0,0,263,-152,-271
1234,-0.1435546875,0.186621099710464,10.4172849655151,0,0,0,262,-154,-271
1235,-0.1435546875,0.181835934519768,10.40771484375,0,0,0,264,-153,-270
1236,-0.157910153269768,0.172265633940697,10.3981447219849,0,0,0,266,-155,-272
1237,-0.148339852690697,0.177050784230232,10.40771484375,0,0,0,265,-156,-276
1238,-0.138769537210464,0.181835934519768,10.40771484375,0,0,0,264,-156,-276
1239,-0.138769537210464,0.181835934519768,10.4125003814697,0,0,0,265,-154,-277
1240,-0.148339852690697,0.177050784230232,10.4507818222046,0,0,0,265,-155,-278
1241,-0.148339852690697,0.181835934519768,10.4220705032349,0,0,0,262,-155,-275
1242,-0.148339852690697,0.172265633940697,10.4220705032349,0,0,0,260,-150,-269
1243,-0.133984372019768,0.186621099710464,10.4364261627197,0,0,0,262,-152,-269
1244,-0.133984372019768,0.181835934519768,10.4268560409546,0,0,0,264,-154,-273
1245,-0.148339852690697,0.186621099710464,10.4029302597046,0,0,0,266,-155,-272
1246,-0.1435546875,0.186621099710464,10.4220705032349,0,0,0,264,-155,-273
1247,-0.138769537210464,0.172265633940697,10.4220705032349,0,0,0,265,-154,-274
1248,-0.148339852690697,0.19140625,10.4220705032349,0,0,0,265,-150,-268
1249,-0.138769537210464,0.181835934519768,10.4029302597046,0,0,0,264,-152,-270
1250,-0.129199221730232,0.19140625,10.4507818222046,0,0,0,267,-152,-273
1251,-0.133984372019768,0.181835934519768,10.4220705032349,0,0,0,267,-150,-271
1252,-0.148339852690697,0.181835934519768,10.40771484375,0,0,0,269,-151,-272
1253,-0.1435546875,0.181835934519768,10.4364261627197,0,0,0,264,-152,-272
1254,-0.157910153269768,0.177050784230232,10.4029302597046,0,0,0,260,-155,-269
1255,-0.153125002980232,0.200976565480232,10.40771484375,0,0,0,260,-157,-271
1256,-0.1435546875,0.177050784230232,10.431640625,0,0,0,261,-154,-270
1257,-0.124414063990116,0.19140625,10.40771484375,0,0,0,263,-151,-269
1258,-0.133984372019768,0.181835934519768,10.4268560409546,0,0,0,265,-151,-272
1259,-0.153125002980232,0.181835934519768,10.4268560409546,0,0,0,268,-153,-273
1260,-0.153125002980232,0.186621099710464,10.4507818222046,0,0,0,270,-153,-273
1261,-0.162695318460464,0.19140625,10.431640625,0,0,0,266,-153,-276
1262,-0.153125002980232,0.196191415190697,10.4172849655151,0,0,0,266,-153,-276
1263,-0.138769537210464,0.16748046875,10.4364261627197,0,0,0,263,-155,-274
1264,-0.1435546875,0.181835934519768,10.4268560409546,0,0,0,264,-155,-274
1265,-0.138769537210464,0.172265633940697,10.4172849655151,0,0,0,266,-156,-277
1266,-0.153125002980232,0.177050784230232,10.431640625,0,0,0,264,-152,-272
1267,-0.138769537210464,0.172265633940697,10.4220705032349,0,0,0,263,-149,-273
1268,-0.138769537210464,0.177050784230232,10.4364261627197,0,0,0,265,-154,-274
1269,-0.133984372019768,0.186621099710464,10.40771484375,0,0,0,267,-157,-271
1270,-0.153125002980232,0.19140625,10.431640625,0,0,0,266,-155,-273
1271,-0.153125002980232,0.177050784230232,10.4220705032349,0,0,0,265,-155,-274
1272,-0.148339852690697,0.186621099710464,10.431640625,0,0,0,258,-157,-270
1273,-0.138769537210464,0.181835934519768,10.40771484375,0,0,0,263,-156,-272
1274,-0.138769537210464,0.16748046875,10.4220705032349,0,0,0,262,-155,-271
1275,-0.148339852690697,0.186621099710464,10.4125003814697,0,0,0,266,-152,-271
1275,-0.138769537210464,0.177050784230232,10.4172849655151,0,0,0,262,-152,-270
1276,-0.138769537210464,0.16748046875,10.431640625,0,0,0,262,-153,-271
1277,-0.133984372019768,0.186621099710464,10.3837890625,0,0,0,259,-154,-271
1278,-0.148339852690697,0.16748046875,10.4220705032349,0,0,0,261,-152,-272
1279,-0.148339852690697,0.19140625,10.4268560409546,0,0,0,263,-150,-274
1280,-0.138769537210464,0.19140625,10.4029302597046,0,0,0,262,-147,-272
1281,-0.129199221730232,0.181835934519768,10.40771484375,0,0,0,264,-153,-276
1282,-0.138769537210464,0.16748046875,10.4172849655151,0,0,0,263,-152,-277
1283,-0.133984372019768,0.177050784230232,10.4172849655151,0,0,0,262,-152,-276
1284,-0.133984372019768,0.177050784230232,10.4268560409546,0,0,0,263,-153,-275
1285,-0.1435546875,0.172265633940697,10.4220705032349,0,0,0,262,-153,-275
1286,-0.1435546875,0.181835934519768,10.3981447219849,0,0,0,261,-156,-267
1287,-0.138769537210464,0.172265633940697,10.4172849655151,0,0,0,263,-156,-272
1288,-0.1435546875,0.172265633940697,10.4172849655151,0,0,0,264,-153,-273
1289,-0.129199221730232,0.186621099710464,10.4125003814697,0,0,0,267,-149,-273
1290,-0.148339852690697,0.181835934519768,10.4125003814697,0,0,0,264,-152,-276
1291,-0.157910153269768,0.181835934519768,10.431640625,0,0,0,263,-151,-274
1292,-0.148339852690697,0.196191415190697,10.4172849655151,0,0,0,264,-152,-275
1293,-0.138769537210464,0.172265633940697,10.40771484375,0,0,0,264,-151,-274
1294,-0.1435546875,0.186621099710464,10.3981447219849,0,0,0,262,-154,-273
1295,-0.1435546875,0.186621099710464,10.40771484375,0,0,0,257,-152,-272
1296,-0.157910153269768,0.19140625,10.4172849655151,0,0,0,259,-155,-273
1297,-0.138769537210464,0.186621099710464,10.4125003814697,0,0,0,262,-155,-277
1298,-0.148339852690697,0.186621099710464,10.4125003814697,0,0,0,262,-155,-277
1299,-0.162695318460464,0.181835934519768,10.4220705032349,0,0,0,264,-155,-276
1300,-0.153125002980232,0.181835934519768,10.4125003814697,0,0,0,264,-155,-275
1301,-0.138769537210464,0.181835934519768,10.4125003814697,0,0,0,261,-152,-272
1302,-0.148339852690697,0.186621099710464,10.3981447219849,0,0,0,260,-153,-273
1303,-0.148339852690697,0.181835934519768,10.4268560409546,0,0,0,264,-155,-275
1304,-0.153125002980232,0.177050784230232,10.431640625,0,0,0,264,-155,-274
1305,-0.153125002980232,0.177050784230232,10.3885746002197,0,0,0,260,-154,-274
1306,-0.1435546875,0.186621099710464,10.431640625,0,0,0,262,-155,-273
1307,-0.138769537210464,0.177050784230232,10.4172849655151,0,0,0,262,-153,-276
1308,-0.138769537210464,0.181835934519768,10.3981447219849,0,0,0,262,-153,-278
1309,-0.138769537210464,0.19140625,10.4125003814697,0,0,0,261,-153,-273
1310,-0.1435546875,0.172265633940697,10.40771484375,0,0,0,264,-154,-274
1311,-0.148339852690697,0.181835934519768,10.4172849655151,0,0,0,261,-155,-272
1312,-0.133984372019768,0.186621099710464,10.3981447219849,0,0,0,262,-154,-273
1313,-0.133984372019768,0.177050784230232,10.4172849655151,0,0,0,263,-154,-274
1314,-0.148339852690697,0.181835934519768,10.4125003814697,0,0,0,265,-156,-275
1315,-0.133984372019768,0.181835934519768,10.3981447219849,0,0,0,264,-155,-275
1316,-0.153125002980232,0.181835934519768,10.4172849655151,0,0,0,265,-153,-273
1317,-0.129199221730232,0.181835934519768,10.3933591842651,0,0,0,264,-153,-273
1318,-0.133984372019768,0.177050784230232,10.4364261627197,0,0,0,263,-153,-277
1319,-0.157910153269768,0.177050784230232,10.3981447219849,0,0,0,263,-155,-275
1320,-0.124414063990116,0.177050784230232,10.4364261627197,0,0,0,265,-157,-275
1321,-0.138769537210464,0.181835934519768,10.4364261627197,0,0,0,263,-159,-277
1322,-0.138769537210464,0.186621099710464,10.4220705032349,0,0,0,266,-157,-275
1323,-0.133984372019768,0.181835934519768,10.4268560409546,0,0,0,265,-153,-274
1324,-0.148339852690697,0.177050784230232,10.40771484375,0,0,0,265,-151,-274
1325,-0.138769537210464,0.157910153269768,10.4125003814697,0,0,0,265,-152,-272
1326,-0.1435546875,0.181835934519768,10.3981447219849,0,0,0,266,-152,-271
1327,-0.133984372019768,0.181835934519768,10.4029302597046,0,0,0,266,-154,-273
1328,-0.148339852690697,0.16748046875,10.40771484375,0,0,0,265,-153,-272
1329,-0.148339852690697,0.172265633940697,10.4220705032349,0,0,0,263,-155,-274
1330,-0.133984372019768,0.177050784230232,10.4220705032349,0,0,0,263,-151,-273
1331,-0.129199221730232,0.177050784230232,10.4125003814697,0,0,0,265,-150,-277
1332,-0.138769537210464,0.172265633940697,10.4172849655151,0,0,0,266,-153,-273
1333,-0.1435546875,0.186621099710464,10.3981447219849,0,0,0,264,-152,-273
1334,-0.138769537210464,0.172265633940697,10.4125003814697,0,0,0,265,-153,-275
1335,-0.138769537210464,0.186621099710464,10.4220705032349,0,0,0,264,-154,-273
1336,-0.1435546875,0.181835934519768,10.4172849655151,0,0,0,263,-154,-274
1337,-0.1435546875,0.181835934519768,10.4268560409546,0,0,0,263,-156,-275
1338,-0.138769537210464,0.16748046875,10.4172849655151,0,0,0,263,-153,-275
1339,-0.138769537210464,0.162695318460464,10.4125003814697,0,0,0,263,-154,-273
1340,-0.1435546875,0.172265633940697,10.4459962844849,0,0,0,262,-155,-274
1341,-0.138769537210464,0.181835934519768,10.4172849655151,0,0,0,262,-155,-274
1342,-0.138769537210464,0.186621099710464,10.4029302597046,0,0,0,260,-153,-274
1343,-0.138769537210464,0.177050784230232,10.4220705032349,0,0,0,263,-157,-274
1344,-0.1435546875,0.181835934519768,10.4125003814697,0,0,0,263,-157,-273
1345,-0.133984372019768,0.16748046875,10.4172849655151,0,0,0,265,-160,-273
1346,-0.153125002980232,0.177050784230232,10.431640625,0,0,0,262,-158,-272
1347,-0.1435546875,0.181835934519768,10.4125003814697,0,0,0,261,-154,-273
1348,-0.138769537210464,0.172265633940697,10.4125003814697,0,0,0,263,-156,-273
1349,-0.138769537210464,0.172265633940697,10.431640625,0,0,0,264,-154,-274
1350,-0.133984372019768,0.181835934519768,10.3933591842651,0,0,0,264,-153,-278
1351,-0.153125002980232,0.177050784230232,10.4125003814697,0,0,0,266,-153,-277
1352,-0.1435546875,0.181835934519768,10.40771484375,0,0,0,263,-153,-275
1353,-0.129199221730232,0.172265633940697,10.4125003814697,0,0,0,263,-153,-273
1354,-0.138769537210464,0.177050784230232,10.4172849655151,0,0,0,265,-151,-273
1355,-0.153125002980232,0.186621099710464,10.40771484375,0,0,0,264,-150,-273
1356,-0.153125002980232,0.16748046875,10.4029302597046,0,0,0,263,-152,-274
1357,-0.138769537210464,0.162695318460464,10.4172849655151,0,0,0,265,-154,-272
1358,-0.1435546875,0.177050784230232,10.4220705032349,0,0,0,263,-153,-271
1359,-0.148339852690697,0.16748046875,10.4172849655151,0,0,0,261,-154,-271
1360,-0.133984372019768,0.177050784230232,10.4172849655151,0,0,0,261,-153,-272
1361,-0.133984372019768,0.177050784230232,10.4412107467651,0,0,0,262,-154,-271
1362,-0.153125002980232,0.172265633940697,10.4125003814697,0,0,0,263,-154,-272
1363,-0.1435546875,0.181835934519768,10.40771484375,0,0,0,264,-153,-272
1364,-0.138769537210464,0.16748046875,10.4220705032349,0,0,0,264,-153,-272
1365,-0.148339852690697,0.177050784230232,10.40771484375,0,0,0,266,-156,-276
1366,-0.153125002980232,0.177050784230232,10.4125003814697,0,0,0,269,-156,-273
1367,-0.138769537210464,0.186621099710464,10.4172849655151,0,0,0,266,-156,-274
1368,-0.124414063990116,0.181835934519768,10.4029302597046,0,0,0,269,-153,-272
1369,-0.133984372019768,0.177050784230232,10.4172849655151,0,0,0,267,-153,-271
1370,-0.133984372019768,0.181835934519768,10.4125003814697,0,0,0,267,-156,-272
1371,-0.1435546875,0.177050784230232,10.4029302597046,0,0,0,266,-157,-270
1372,-0.148339852690697,0.177050784230232,10.4125003814697,0,0,0,264,-156,-273
1373,-0.138769537210464,0.177050784230232,10.4172849655151,0,0,0,261,-156,-271
1374,-0.153125002980232,0.186621099710464,10.4268560409546,0,0,0,260,-152,-270
1375,-0.138769537210464,0.162695318460464,10.4364261627197,0,0,0,262,-155,-271
1376,-0.148339852690697,0.181835934519768,10.4364261627197,0,0,0,263,-152,-273
1377,-0.148339852690697,0.172265633940697,10.4220705032349,0,0,0,264,-151,-272
1378,-0.138769537210464,0.172265633940697,10.4172849655151,0,0,0,263,-150,-276
1379,-0.153125002980232,0.177050784230232,10.3885746002197,0,0,0,264,-152,-275
1380,-0.1435546875,0.181835934519768,10.4125003814697,0,0,0,264,-154,-277
1381,-0.1435546875,0.177050784230232,10.4220705032349,0,0,0,266,-153,-277
1382,-0.1435546875,0.181835934519768,10.40771484375,0,0,0,266,-155,-276
1383,-0.1435546875,0.157910153269768,10.4172849655151,0,0,0,264,-155,-271
1384,-0.133984372019768,0.181835934519768,10.4459962844849,0,0,0,262,-153,-273
1385,-0.124414063990116,0.177050784230232,10.4125003814697,0,0,0,265,-155,-273
1386,-0.1435546875,0.181835934519768,10.4172849655151,0,0,0,262,-155,-271
1387,-0.153125002980232,0.205761715769768,10.4029302597046,0,0,0,262,-153,-272
1388,-0.148339852690697,0.16748046875,10.3933591842651,0,0,0,261,-152,-277
1389,-0.138769537210464,0.177050784230232,10.3981447219849,0,0,0,263,-152,-276
1390,-0.148339852690697,0.172265633940697,10.40771484375,0,0,0,264,-153,-274
1391,-0.1435546875,0.181835934519768,10.4125003814697,0,0,0,264,-152,-273
1392,-0.162695318460464,0.16748046875,10.4172849655151,0,0,0,259,-147,-272
1393,-0.138769537210464,0.19140625,10.3933591842651,0,0,0,265,-150,-274
1394,-0.129199221730232,0.181835934519768,10.4125003814697,0,0,0,265,-151,-274
1395,-0.148339852690697,0.177050784230232,10.4029302597046,0,0,0,262,-151,-271
1396,-0.138769537210464,0.177050784230232,10.4029302597046,0,0,0,263,-149,-272
1397,-0.153125002980232,0.162695318460464,10.4268560409546,0,0,0,264,-152,-273
1398,-0.153125002980232,0.181835934519768,10.40771484375,0,0,0,266,-154,-272
1399,-0.148339852690697,0.181835934519768,10.4029302597046,0,0,0,263,-155,-273
1400,-0.1435546875,0.181835934519768,10.4125003814697,0,0,0,262,-154,-276
1401,-0.148339852690697,0.181835934519768,10.4172849655151,0,0,0,263,-151,-274
1402,-0.148339852690697,0.186621099710464,10.431640625,0,0,0,267,-148,-273
1403,-0.148339852690697,0.177050784230232,10.3981447219849,0,0,0,264,-153,-273
1404,-0.148339852690697,0.181835934519768,10.4268560409546,0,0,0,263,-153,-273
1405,-0.138769537210464,0.177050784230232,10.431640625,0,0,0,263,-155,-275
1406,-0.157910153269768,0.181835934519768,10.4125003814697,0,0,0,263,-155,-276
1407,-0.1435546875,0.186621099710464,10.431640625,0,0,0,259,-152,-272
1408,-0.148339852690697,0.186621099710464,10.40771484375,0,0,0,262,-152,-271
1409,-0.133984372019768,0.177050784230232,10.40771484375,0,0,0,262,-152,-274
1410,-0.157910153269768,0.186621099710464,10.4220705032349,0,0,0,266,-152,-273
1411,-0.1435546875,0.16748046875,10.4125003814697,0,0,0,264,-155,-274
1412,-0.153125002980232,0.177050784230232,10.4364261627197,0,0,0,264,-155,-274
1413,-0.153125002980232,0.172265633940697,10.4172849655151,0,0,0,264,-155,-273
1414,-0.138769537210464,0.19140625,10.4220705032349,0,0,0,264,-155,-275
1415,-0.148339852690697,0.177050784230232,10.40771484375,0,0,0,264,-154,-271
1416,-0.129199221730232,0.172265633940697,10.4125003814697,0,0,0,261,-152,-269
1417,-0.1435546875,0.177050784230232,10.4172849655151,0,0,0,261,-153,-273
1418,-0.138769537210464,0.186621099710464,10.4125003814697,0,0,0,262,-154,-275
1419,-0.138769537210464,0.181835934519768,10.4029302597046,0,0,0,262,-154,-277
1420,-0.148339852690697,0.186621099710464,10.4172849655151,0,0,0,263,-155,-275
1421,-0.133984372019768,0.19140625,10.40771484375,0,0,0,264,-155,-276
1422,-0.153125002980232,0.172265633940697,10.3933591842651,0,0,0,263,-154,-273
1423,-0.138769537210464,0.177050784230232,10.431640625,0,0,0,264,-156,-273
1424,-0.153125002980232,0.186621099710464,10.4220705032349,0,0,0,264,-153,-271
1425,-0.148339852690697,0.186621099710464,10.40771484375,0,0,0,268,-150,-269
1426,-0.153125002980232,0.186621099710464,10.4220705032349,0,0,0,265,-152,-271
1427,-0.157910153269768,0.172265633940697,10.4125003814697,0,0,0,265,-152,-273
1428,-0.133984372019768,0.177050784230232,10.4412107467651,0,0,0,265,-154,-276
1429,-0.129199221730232,0.177050784230232,10.40771484375,0,0,0,263,-152,-277
1430,-0.1435546875,0.181835934519768,10.431640625,0,0,0,265,-150,-277
1431,-0.1435546875,0.177050784230232,10.4268560409546,0,0,0,262,-150,-274
1432,-0.157910153269768,0.162695318460464,10.4268560409546,0,0,0,266,-150,-273
1433,-0.138769537210464,0.177050784230232,10.40771484375,0,0,0,263,-151,-273
1434,-0.153125002980232,0.16748046875,10.4172849655151,0,0,0,264,-154,-272
1435,-0.1435546875,0.172265633940697,10.40771484375,0,0,0,265,-155,-274
1436,-0.148339852690697,0.172265633940697,10.4172849655151,0,0,0,264,-157,-274
1437,-0.172265633940697,0.177050784230232,10.4172849655151,0,0,0,262,-155,-271
1438,-0.138769537210464,0.181835934519768,10.40771484375,0,0,0,261,-155,-273
1439,-0.133984372019768,0.186621099710464,10.4220705032349,0,0,0,263,-154,-275
1440,-0.124414063990116,0.181835934519768,10.4220705032349,0,0,0,266,-155,-277
1441,-0.133984372019768,0.177050784230232,10.40771484375,0,0,0,265,-154,-276
1442,-0.148339852690697,0.172265633940697,10.3981447219849,0,0,0,263,-152,-276
1443,-0.133984372019768,0.177050784230232,10.4029302597046,0,0,0,262,-155,-270
1444,-0.148339852690697,0.177050784230232,10.4125003814697,0,0,0,264,-155,-274
1445,-0.1435546875,0.186621099710464,10.4125003814697,0,0,0,266,-154,-273
1446,-0.153125002980232,0.162695318460464,10.4268560409546,0,0,0,264,-154,-271
1447,-0.162695318460464,0.177050784230232,10.4125003814697,0,0,0,262,-155,-275
1448,-0.129199221730232,0.181835934519768,10.4172849655151,0,0,0,262,-153,-273
1449,-0.148339852690697,0.172265633940697,10.4172849655151,0,0,0,264,-157,-274
1450,-0.157910153269768,0.177050784230232,10.4029302597046,0,0,0,263,-155,-273
1451,-0.1435546875,0.181835934519768,10.3885746002197,0,0,0,263,-153,-272
1452,-0.133984372019768,0.162695318460464,10.4220705032349,0,0,0,263,-154,-271
1453,-0.153125002980232,0.172265633940697,10.4412107467651,0,0,0,263,-154,-273
1454,-0.133984372019768,0.181835934519768,10.4125003814697,0,0,0,266,-153,-272
1455,-0.157910153269768,0.177050784230232,10.4268560409546,0,0,0,265,-152,-274
1456,-0.1435546875,0.186621099710464,10.4268560409546,0,0,0,266,-153,-275
1457,-0.138769537210464,0.186621099710464,10.4172849655151,0,0,0,266,-152,-273
1458,-0.148339852690697,0.16748046875,10.4220705032349,0,0,0,263,-151,-273
1459,-0.133984372019768,0.19140625,10.4029302597046,0,0,0,259,-150,-272
1460,-0.148339852690697,0.19140625,10.40771484375,0,0,0,262,-151,-273
1461,-0.1435546875,0.186621099710464,10.4125003814697,0,0,0,266,-154,-272
1462,-0.157910153269768,0.186621099710464,10.40771484375,0,0,0,264,-151,-272
1463,-0.157910153269768,0.181835934519768,10.4125003814697,0,0,0,262,-152,-273
1464,-0.153125002980232,0.172265633940697,10.3981447219849,0,0,0,267,-153,-273
1465,-0.148339852690697,0.177050784230232,10.3981447219849,0,0,0,263,-151,-272
1466,-0.1435546875,0.16748046875,10.40771484375,0,0,0,262,-153,-274
1467,-0.1435546875,0.172265633940697,10.4220705032349,0,0,0,266,-155,-276
1468,-0.138769537210464,0.186621099710464,10.3933591842651,0,0,0,263,-157,-276
1469,-0.153125002980232,0.162695318460464,10.4125003814697,0,0,0,264,-157,-275
1470,-0.148339852690697,0.177050784230232,10.4172849655151,0,0,0,265,-156,-271
1471,-0.138769537210464,0.172265633940697,10.4125003814697,0,0,0,267,-155,-272
1472,-0.138769537210464,0.181835934519768,10.3885746002197,0,0,0,266,-153,-275
1473,-0.148339852690697,0.196191415190697,10.4029302597046,0,0,0,265,-154,-275
1474,-0.133984372019768,0.186621099710464,10.3981447219849,0,0,0,263,-155,-276
1475,-0.16748046875,0.181835934519768,10.40771484375,0,0,0,264,-152,-275
1476,-0.138769537210464,0.181835934519768,10.4125003814697,0,0,0,264,-151,-275
1477,-0.1435546875,0.196191415190697,10.4172849655151,0,0,0,266,-151,-273
1478,-0.157910153269768,0.172265633940697,10.4268560409546,0,0,0,261,-150,-274
1479,-0.138769537210464,0.16748046875,10.3885746002197,0,0,0,265,-153,-272
1480,-0.1435546875,0.19140625,10.4220705032349,0,0,0,264,-153,-275
1481,-0.129199221730232,0.172265633940697,10.4268560409546,0,0,0,262,-154,-277
1482,-0.1435546875,0.16748046875,10.4125003814697,0,0,0,264,-152,-277
1483,-0.1435546875,0.162695318460464,10.4172849655151,0,0,0,263,-152,-276
1484,-0.124414063990116,0.181835934519768,10.4125003814697,0,0,0,263,-153,-274
1485,-0.153125002980232,0.172265633940697,10.3933591842651,0,0,0,261,-152,-274
1486,-0.1435546875,0.172265633940697,10.3981447219849,0,0,0,263,-152,-274
1487,-0.133984372019768,0.186621099710464,10.4220705032349,0,0,0,265,-153,-274
1488,-0.138769537210464,0.200976565480232,10.4029302597046,0,0,0,264,-154,-275
1489,-0.148339852690697,0.177050784230232,10.4125003814697,0,0,0,264,-155,-277
1490,-0.1435546875,0.186621099710464,10.4268560409546,0,0,0,265,-153,-275
1491,-0.138769537210464,0.200976565480232,10.4220705032349,0,0,0,263,-152,-276
1492,-0.138769537210464,0.186621099710464,10.3933591842651,0,0,0,261,-153,-273
1493,-0.138769537210464,0.177050784230232,10.3837890625,0,0,0,263,-155,-274
1494,-0.1435546875,0.177050784230232,10.4125003814697,0,0,0,259,-150,-267
1495,-0.16748046875,0.186621099710464,10.4125003814697,0,0,0,262,-149,-269
1496,-0.138769537210464,0.16748046875,10.3981447219849,0,0,0,263,-152,-270
1497,-0.133984372019768,0.172265633940697,10.4172849655151,0,0,0,267,-156,-266
1498,-0.1435546875,0.181835934519768,10.4220705032349,0,0,0,265,-155,-271
1499,-0.138769537210464,0.177050784230232,10.40771484375,0,0,0,267,-154,-273
1500,-0.1435546875,0.181835934519768,10.431640625,0,0,0,265,-154,-277
1501,-0.148339852690697,0.172265633940697,10.4125003814697,0,0,0,265,-153,-272
1502,-0.148339852690697,0.172265633940697,10.3981447219849,0,0,0,265,-155,-271
1503,-0.1435546875,0.181835934519768,10.4220705032349,0,0,0,266,-156,-268
1504,-0.153125002980232,0.186621099710464,10.4029302597046,0,0,0,265,-157,-271
1505,-0.148339852690697,0.181835934519768,10.4029302597046,0,0,0,266,-155,-272
1506,-0.1435546875,0.19140625,10.3933591842651,0,0,0,266,-154,-274
1507,-0.1435546875,0.186621099710464,10.4172849655151,0,0,0,266,-153,-274
1508,-0.1435546875,0.181835934519768,10.4029302597046,0,0,0,264,-152,-276
1509,-0.148339852690697,0.19140625,10.4268560409546,0,0,0,260,-151,-272
1510,-0.148339852690697,0.172265633940697,10.431640625,0,0,0,262,-152,-272
1511,-0.138769537210464,0.177050784230232,10.4172849655151,0,0,0,263,-154,-271
1512,-0.148339852690697,0.186621099710464,10.4125003814697,0,0,0,262,-152,-271
1513,-0.1435546875,0.181835934519768,10.3933591842651,0,0,0,265,-151,-272
1514,-0.1435546875,0.200976565480232,10.4220705032349,0,0,0,266,-153,-274
1515,-0.1435546875,0.177050784230232,10.3981447219849,0,0,0,262,-153,-273
1516,-0.1435546875,0.172265633940697,10.4029302597046,0,0,0,263,-153,-272
1517,-0.148339852690697,0.186621099710464,10.4220705032349,0,0,0,264,-152,-273
1518,-0.1435546875,0.177050784230232,10.4029302597046,0,0,0,262,-148,-270
1519,-0.148339852690697,0.172265633940697,10.4029302597046,0,0,0,265,-152,-274
1520,-0.153125002980232,0.177050784230232,10.3885746002197,0,0,0,264,-152,-273
1521,-0.153125002980232,0.19140625,10.3981447219849,0,0,0,267,-155,-272
1522,-0.1435546875,0.181835934519768,10.3933591842651,0,0,0,265,-156,-274
1523,-0.148339852690697,0.186621099710464,10.4029302597046,0,0,0,263,-154,-275
1524,-0.1435546875,0.177050784230232,10.4125003814697,0,0,0,262,-156,-271
1525,-0.148339852690697,0.181835934519768,10.4268560409546,0,0,0,258,-151,-270
1526,-0.129199221730232,0.16748046875,10.3981447219849,0,0,0,260,-155,-270
1527,-0.153125002980232,0.186621099710464,10.40771484375,0,0,0,264,-151,-268
1528,-0.153125002980232,0.16748046875,10.40771484375,0,0,0,263,-153,-269
1529,-0.153125002980232,0.181835934519768,10.40771484375,0,0,0,266,-154,-275
1530,-0.157910153269768,0.177050784230232,10.40771484375,0,0,0,265,-153,-276
1530,-0.148339852690697,0.181835934519768,10.40771484375,0,0,0,263,-155,-273
1531,-0.138769537210464,0.177050784230232,10.4125003814697,0,0,0,264,-156,-275
1532,-0.162695318460464,0.181835934519768,10.4459962844849,0,0,0,260,-156,-272
1533,-0.148339852690697,0.177050784230232,10.4125003814697,0,0,0,264,-154,-274
1534,-0.138769537210464,0.172265633940697,10.40771484375,0,0,0,266,-153,-278
1535,-0.153125002980232,0.177050784230232,10.4412107467651,0,0,0,267,-155,-273
1536,-0.1435546875,0.16748046875,10.40771484375,0,0,0,266,-152,-274
1537,-0.148339852690697,0.172265633940697,10.4172849655151,0,0,0,266,-153,-275
1538,-0.148339852690697,0.172265633940697,10.4220705032349,0,0,0,264,-153,-274
1539,-0.148339852690697,0.181835934519768,10.4220705032349,0,0,0,261,-151,-276
1540,-0.138769537210464,0.181835934519768,10.4125003814697,0,0,0,263,-152,-275
1541,-0.138769537210464,0.181835934519768,10.3933591842651,0,0,0,260,-150,-269
1542,-0.133984372019768,0.186621099710464,10.3837890625,0,0,0,260,-150,-272
1543,-0.148339852690697,0.177050784230232,10.4125003814697,0,0,0,260,-150,-273
1544,-0.1435546875,0.177050784230232,10.3981447219849,0,0,0,263,-157,-272
1545,-0.153125002980232,0.177050784230232,10.4029302597046,0,0,0,263,-157,-276
1546,-0.138769537210464,0.177050784230232,10.3981447219849,0,0,0,263,-158,-278
1547,-0.1435546875,0.177050784230232,10.4268560409546,0,0,0,262,-157,-276
1548,-0.1435546875,0.172265633940697,10.4125003814697,0,0,0,261,-156,-277
1549,-0.157910153269768,0.177050784230232,10.40771484375,0,0,0,263,-157,-274
1550,-0.1435546875,0.186621099710464,10.4029302597046,0,0,0,266,-153,-270
1551,-0.148339852690697,0.181835934519768,10.40771484375,0,0,0,264,-153,-270
1552,-0.133984372019768,0.16748046875,10.4172849655151,0,0,0,266,-153,-273
1553,-0.153125002980232,0.177050784230232,10.4172849655151,0,0,0,264,-152,-275
1554,-0.153125002980232,0.186621099710464,10.4220705032349,0,0,0,264,-151,-274
1555,-0.153125002980232,0.196191415190697,10.40771484375,0,0,0,265,-150,-273
1556,-0.138769537210464,0.181835934519768,10.4125003814697,0,0,0,256,-155,-270
1557,-0.148339852690697,0.181835934519768,10.4125003814697,0,0,0,260,-154,-275
1558,-0.133984372019768,0.177050784230232,10.4125003814697,0,0,0,261,-153,-273
1559,-0.129199221730232,0.181835934519768,10.4220705032349,0,0,0,264,-154,-272
1560,-0.138769537210464,0.186621099710464,10.40771484375,0,0,0,263,-154,-277
1561,-0.133984372019768,0.186621099710464,10.4029302597046,0,0,0,263,-153,-276
1562,-0.138769537210464,0.172265633940697,10.40771484375,0,0,0,264,-155,-273
1563,-0.1435546875,0.19140625,10.4125003814697,0,0,0,263,-155,-277
1564,-0.153125002980232,0.181835934519768,10.40771484375,0,0,0,262,-156,-275
1565,-0.1435546875,0.177050784230232,10.4220705032349,0,0,0,262,-154,-275
1566,-0.138769537210464,0.172265633940697,10.4029302597046,0,0,0,262,-155,-273
1567,-0.153125002980232,0.177050784230232,10.4172849655151,0,0,0,265,-155,-275
1568,-0.153125002980232,0.186621099710464,10.4220705032349,0,0,0,265,-154,-277
1569,-0.153125002980232,0.172265633940697,10.40771484375,0,0,0,265,-155,-278
1570,-0.1435546875,0.177050784230232,10.4172849655151,0,0,0,266,-156,-273
1571,-0.138769537210464,0.177050784230232,10.4125003814697,0,0,0,264,-158,-274
1572,-0.153125002980232,0.172265633940697,10.4268560409546,0,0,0,261,-157,-275
1573,-0.1435546875,0.181835934519768,10.3981447219849,0,0,0,262,-155,-273
1574,-0.138769537210464,0.186621099710464,10.3981447219849,0,0,0,261,-154,-275
1575,-0.138769537210464,0.16748046875,10.3933591842651,0,0,0,264,-158,-276
1576,-0.138769537210464,0.181835934519768,10.40771484375,0,0,0,264,-154,-277
1577,-0.148339852690697,0.19140625,10.40771484375,0,0,0,266,-154,-274
1578,-0.1435546875,0.186621099710464,10.4268560409546,0,0,0,264,-154,-273
1579,-0.138769537210464,0.172265633940697,10.4220705032349,0,0,0,264,-156,-275
1580,-0.138769537210464,0.172265633940697,10.4220705032349,0,0,0,263,-155,-276
1581,-0.133984372019768,0.19140625,10.4172849655151,0,0,0,264,-154,-275
1582,-0.153125002980232,0.172265633940697,10.4029302597046,0,0,0,263,-154,-274
1583,-0.138769537210464,0.172265633940697,10.3981447219849,0,0,0,264,-154,-275
1584,-0.138769537210464,0.19140625,10.4029302597046,0,0,0,264,-153,-273
1585,-0.1435546875,0.177050784230232,10.4172849655151,0,0,0,264,-152,-274
1586,-0.1435546875,0.181835934519768,10.40771484375,0,0,0,265,-153,-272
1587,-0.1435546875,0.19140625,10.4268560409546,0,0,0,263,-156,-273
1588,-0.1435546875,0.19140625,10.3981447219849,0,0,0,264,-155,-274
1589,-0.148339852690697,0.186621099710464,10.45556640625,0,0,0,265,-156,-275
1590,-0.1435546875,0.186621099710464,10.4412107467651,0,0,0,264,-152,-278
1591,-0.148339852690697,0.177050784230232,10.4268560409546,0,0,0,263,-155,-276
1592,-0.138769537210464,0.186621099710464,10.4172849655151,0,0,0,263,-151,-274
1593,-0.1435546875,0.181835934519768,10.40771484375,0,0,0,264,-151,-274
1594,-0.138769537210464,0.16748046875,10.4172849655151,0,0,0,264,-152,-276
1595,-0.172265633940697,0.177050784230232,10.4172849655151,0,0,0,263,-154,-276
1596,-0.129199221730232,0.177050784230232,10.4172849655151,0,0,0,264,-153,-272
1597,-0.1435546875,0.177050784230232,10.40771484375,0,0,0,264,-153,-273
1598,-0.1435546875,0.181835934519768,10.4029302597046,0,0,0,265,-154,-273
1599,-0.1435546875,0.177050784230232,10.4125003814697,0,0,0,265,-154,-274
1600,-0.153125002980232,0.177050784230232,10.4029302597046,0,0,0,268,-153,-274
1601,-0.129199221730232,0.172265633940697,10.4364261627197,0,0,0,265,-152,-273
1602,-0.153125002980232,0.172265633940697,10.4125003814697,0,0,0,263,-153,-273
1603,-0.148339852690697,0.196191415190697,10.431640625,0,0,0,261,-155,-276
1604,-0.133984372019768,0.177050784230232,10.40771484375,0,0,0,262,-154,-279
1605,-0.153125002980232,0.19140625,10.40771484375,0,0,0,261,-157,-277
1606,-0.148339852690697,0.186621099710464,10.4029302597046,0,0,0,262,-158,-274
1607,-0.153125002980232,0.177050784230232,10.4029302597046,0,0,0,262,-159,-274
1608,-0.138769537210464,0.196191415190697,10.4172849655151,0,0,0,266,-160,-272
1609,-0.157910153269768,0.172265633940697,10.4125003814697,0,0,0,266,-155,-274
1610,-0.1435546875,0.181835934519768,10.3885746002197,0,0,0,263,-155,-275
1611,-0.133984372019768,0.16748046875,10.4125003814697,0,0,0,266,-157,-274
1612,-0.1435546875,0.186621099710464,10.4172849655151,0,0,0,265,-156,-273
1613,-0.133984372019768,0.186621099710464,10.40771484375,0,0,0,265,-153,-273
1614,-0.1435546875,0.186621099710464,10.40771484375,0,0,0,265,-151,-273
1615,-0.1435546875,0.172265633940697,10.3933591842651,0,0,0,264,-151,-274
1616,-0.157910153269768,0.177050784230232,10.4220705032349,0,0,0,265,-152,-274
1617,-0.148339852690697,0.181835934519768,10.4268560409546,0,0,0,266,-154,-275
1618,-0.1435546875,0.181835934519768,10.4220705032349,0,0,0,266,-155,-274
1619,-0.1435546875,0.172265633940697,10.4268560409546,0,0,0,264,-156,-275
1620,-0.1435546875,0.172265633940697,10.4172849655151,0,0,0,264,-155,-276
1621,-0.153125002980232,0.177050784230232,10.4172849655151,0,0,0,264,-154,-278
1622,-0.153125002980232,0.157910153269768,10.40771484375,0,0,0,264,-154,-277
1623,-0.157910153269768,0.16748046875,10.4172849655151,0,0,0,266,-153,-275
1624,-0.157910153269768,0.186621099710464,10.4125003814697,0,0,0,266,-152,-277
1625,-0.133984372019768,0.181835934519768,10.40771484375,0,0,0,266,-153,-277
1626,-0.153125002980232,0.186621099710464,10.3981447219849,0,0,0,266,-149,-275
1627,-0.148339852690697,0.177050784230232,10.40771484375,0,0,0,265,-150,-273
1628,-0.1435546875,0.181835934519768,10.3933591842651,0,0,0,260,-152,-274
1629,-0.138769537210464,0.177050784230232,10.4172849655151,0,0,0,258,-150,-271
1630,-0.1435546875,0.172265633940697,10.431640625,0,0,0,260,-151,-274
1631,-0.1435546875,0.181835934519768,10.4172849655151,0,0,0,261,-153,-273
1632,-0.148339852690697,0.19140625,10.3981447219849,0,0,0,263,-154,-271
1633,-0.138769537210464,0.19140625,10.4029302597046,0,0,0,260,-156,-278
1634,-0.1435546875,0.177050784230232,10.40771484375,0,0,0,259,-154,-276
1635,-0.1435546875,0.181835934519768,10.4364261627197,0,0,0,260,-158,-275
1636,-0.148339852690697,0.177050784230232,10.3981447219849,0,0,0,259,-156,-275
1637,-0.148339852690697,0.177050784230232,10.3981447219849,0,0,0,260,-155,-274
1638,-0.153125002980232,0.16748046875,10.3885746002197,0,0,0,264,-150,-272
1639,-0.153125002980232,0.186621099710464,10.4172849655151,0,0,0,264,-150,-274
1640,-0.148339852690697,0.16748046875,10.3933591842651,0,0,0,262,-154,-272
1641,-0.148339852690697,0.172265633940697,10.3885746002197,0,0,0,263,-154,-276
1642,-0.153125002980232,0.181835934519768,10.3885746002197,0,0,0,264,-152,-275
1643,-0.138769537210464,0.19140625,10.3885746002197,0,0,0,262,-153,-275
1644,-0.133984372019768,0.16748046875,10.3981447219849,0,0,0,263,-152,-274
1645,-0.138769537210464,0.177050784230232,10.3933591842651,0,0,0,263,-154,-275
1646,-0.138769537210464,0.186621099710464,10.4029302597046,0,0,0,265,-154,-275
1647,-0.138769537210464,0.172265633940697,10.4125003814697,0,0,0,268,-155,-273
1648,-0.157910153269768,0.181835934519768,10.3837890625,0,0,0,265,-157,-274
1649,-0.138769537210464,0.16748046875,10.3885746002197,0,0,0,261,-157,-273
1650,-0.138769537210464,0.177050784230232,10.3885746002197,0,0,0,263,-155,-274
1651,-0.148339852690697,0.181835934519768,10.4125003814697,0,0,0,266,-155,-273
1652,-0.138769537210464,0.177050784230232,10.4220705032349,0,0,0,267,-154,-272
1653,-0.148339852690697,0.16748046875,10.40771484375,0,0,0,265,-153,-272
1654,-0.148339852690697,0.177050784230232,10.4125003814697,0,0,0,267,-153,-273
1655,-0.138769537210464,0.186621099710464,10.4220705032349,0,0,0,267,-157,-271
1656,-0.138769537210464,0.177050784230232,10.3837890625,0,0,0,267,-157,-271
1657,-0.153125002980232,0.16748046875,10.4172849655151,0,0,0,265,-158,-273
1658,-0.133984372019768,0.181835934519768,10.3837890625,0,0,0,266,-155,-275
1659,-0.138769537210464,0.177050784230232,10.4029302597046,0,0,0,264,-156,-272
1660,-0.138769537210464,0.181835934519768,10.3981447219849,0,0,0,262,-155,-273
1661,-0.148339852690697,0.177050784230232,10.4125003814697,0,0,0,264,-156,-272
1662,-0.157910153269768,0.186621099710464,10.4220705032349,0,0,0,267,-153,-270
1663,-0.138769537210464,0.177050784230232,10.4125003814697,0,0,0,267,-153,-271
1664,-0.153125002980232,0.181835934519768,10.40771484375,0,0,0,267,-152,-275
1665,-0.148339852690697,0.177050784230232,10.3933591842651,0,0,0,264,-153,-277
1666,-0.157910153269768,0.186621099710464,10.431640625,0,0,0,265,-154,-277
1667,-0.153125002980232,0.16748046875,10.3933591842651,0,0,0,262,-154,-275
1668,-0.153125002980232,0.181835934519768,10.40771484375,0,0,0,259,-154,-273
1669,-0.1435546875,0.181835934519768,10.40771484375,0,0,0,261,-154,-272
1670,-0.153125002980232,0.196191415190697,10.3981447219849,0,0,0,263,-153,-272
1671,-0.138769537210464,0.16748046875,10.3837890625,0,0,0,264,-153,-270
1672,-0.1435546875,0.19140625,10.4268560409546,0,0,0,265,-152,-271
1673,-0.153125002980232,0.172265633940697,10.40771484375,0,0,0,264,-153,-270
1674,-0.138769537210464,0.186621099710464,10.4220705032349,0,0,0,264,-154,-271
1675,-0.1435546875,0.162695318460464,10.4220705032349,0,0,0,264,-156,-271
1676,-0.148339852690697,0.157910153269768,10.3981447219849,0,0,0,263,-155,-270
1677,-0.148339852690697,0.186621099710464,10.4125003814697,0,0,0,260,-151,-270
1678,-0.148339852690697,0.181835934519768,10.4172849655151,0,0,0,259,-150,-276
1679,-0.1435546875,0.172265633940697,10.4125003814697,0,0,0,263,-151,-273
1680,-0.148339852690697,0.19140625,10.4125003814697,0,0,0,264,-154,-275
1681,-0.148339852690697,0.177050784230232,10.4029302597046,0,0,0,263,-157,-276
1682,-0.157910153269768,0.172265633940697,10.4172849655151,0,0,0,260,-155,-274
1683,-0.157910153269768,0.181835934519768,10.4125003814697,0,0,0,262,-158,-269
1684,-0.1435546875,0.181835934519768,10.4125003814697,0,0,0,262,-154,-274
1685,-0.148339852690697,0.177050784230232,10.40771484375,0,0,0,261,-152,-275
1686,-0.162695318460464,0.186621099710464,10.4220705032349,0,0,0,263,-151,-276
1687,-0.1435546875,0.177050784230232,10.4029302597046,0,0,0,262,-152,-275
1688,-0.157910153269768,0.186621099710464,10.40771484375,0,0,0,262,-155,-274
1689,-0.148339852690697,0.16748046875,10.431640625,0,0,0,260,-155,-277
1690,-0.1435546875,0.186621099710464,10.3981447219849,0,0,0,262,-154,-275
1691,-0.153125002980232,0.172265633940697,10.4172849655151,0,0,0,263,-155,-274
1692,-0.138769537210464,0.181835934519768,10.4029302597046,0,0,0,265,-158,-274
1693,-0.1435546875,0.177050784230232,10.4029302597046,0,0,0,262,-157,-275
1694,-0.148339852690697,0.19140625,10.3981447219849,0,0,0,263,-157,-278
1695,-0.148339852690697,0.177050784230232,10.4125003814697,0,0,0,262,-156,-277
1696,-0.148339852690697,0.172265633940697,10.431640625,0,0,0,265,-157,-275
1697,-0.148339852690697,0.186621099710464,10.4172849655151,0,0,0,265,-157,-277
1698,-0.138769537210464,0.196191415190697,10.4125003814697,0,0,0,264,-154,-274
1699,-0.153125002980232,0.181835934519768,10.40771484375,0,0,0,262,-156,-278
1700,-0.153125002980232,0.162695318460464,10.3933591842651,0,0,0,263,-154,-275
1701,-0.157910153269768,0.172265633940697,10.3837890625,0,0,0,264,-152,-275
1702,-0.148339852690697,0.177050784230232,10.3837890625,0,0,0,262,-153,-273
1703,-0.162695318460464,0.177050784230232,10.4172849655151,0,0,0,262,-155,-275
1704,-0.148339852690697,0.172265633940697,10.4172849655151,0,0,0,262,-153,-275
1705,-0.148339852690697,0.181835934519768,10.40771484375,0,0,0,264,-153,-275
1706,-0.148339852690697,0.172265633940697,10.3885746002197,0,0,0,265,-152,-272
1707,-0.148339852690697,0.181835934519768,10.3933591842651,0,0,0,266,-153,-276
1708,-0.148339852690697,0.181835934519768,10.4268560409546,0,0,0,264,-152,-278
1709,-0.1435546875,0.19140625,10.4172849655151,0,0,0,266,-153,-277
1710,-0.133984372019768,0.177050784230232,10.4029302597046,0,0,0,266,-155,-279
1711,-0.148339852690697,0.177050784230232,10.4172849655151,0,0,0,263,-155,-276
1712,-0.153125002980232,0.181835934519768,10.40771484375,0,0,0,265,-155,-276
1713,-0.138769537210464,0.177050784230232,10.4029302597046,0,0,0,266,-156,-275
1714,-0.138769537210464,0.172265633940697,10.4268560409546,0,0,0,266,-152,-272
1715,-0.148339852690697,0.177050784230232,10.4125003814697,0,0,0,266,-153,-274
1716,-0.16748046875,0.186621099710464,10.4029302597046,0,0,0,268,-153,-275
1717,-0.133984372019768,0.177050784230232,10.4029302597046,0,0,0,267,-155,-275
1718,-0.148339852690697,0.186621099710464,10.3933591842651,0,0,0,265,-155,-278
1719,-0.133984372019768,0.177050784230232,10.4268560409546,0,0,0,268,-156,-273
1720,-0.153125002980232,0.181835934519768,10.4172849655151,0,0,0,266,-156,-273
1721,-0.153125002980232,0.181835934519768,10.40771484375,0,0,0,262,-156,-274
1722,-0.148339852690697,0.186621099710464,10.431640625,0,0,0,260,-154,-274
1723,-0.153125002980232,0.172265633940697,10.4125003814697,0,0,0,260,-157,-276
1724,-0.148339852690697,0.181835934519768,10.3981447219849,0,0,0,262,-154,-279
1725,-0.157910153269768,0.181835934519768,10.4172849655151,0,0,0,261,-154,-279
1726,-0.1435546875,0.181835934519768,10.431640625,0,0,0,260,-155,-278
1727,-0.153125002980232,0.172265633940697,10.4029302597046,0,0,0,261,-158,-275
1728,-0.138769537210464,0.172265633940697,10.431640625,0,0,0,267,-158,-270
1729,-0.148339852690697,0.186621099710464,10.431640625,0,0,0,267,-156,-274
1730,-0.153125002980232,0.16748046875,10.4029302597046,0,0,0,263,-154,-274
1731,-0.157910153269768,0.177050784230232,10.4172849655151,0,0,0,265,-153,-274
1732,-0.1435546875,0.186621099710464,10.4172849655151,0,0,0,265,-152,-268
1733,-0.153125002980232,0.177050784230232,10.4268560409546,0,0,0,260,-155,-268
1734,-0.148339852690697,0.162695318460464,10.3981447219849,0,0,0,265,-150,-270
1735,-0.1435546875,0.177050784230232,10.3885746002197,0,0,0,263,-152,-275
1736,-0.162695318460464,0.172265633940697,10.3981447219849,0,0,0,264,-151,-276
1737,-0.157910153269768,0.172265633940697,10.4268560409546,0,0,0,265,-150,-275
1738,-0.148339852690697,0.177050784230232,10.4220705032349,0,0,0,261,-152,-274
1739,-0.1435546875,0.16748046875,10.4172849655151,0,0,0,262,-153,-271
1740,-0.129199221730232,0.181835934519768,10.4220705032349,0,0,0,264,-152,-265
1741,-0.148339852690697,0.172265633940697,10.4125003814697,0,0,0,262,-154,-271
1742,-0.148339852690697,0.172265633940697,10.3981447219849,0,0,0,260,-154,-273
1743,-0.138769537210464,0.19140625,10.4029302597046,0,0,0,263,-156,-272
1744,-0.1435546875,0.186621099710464,10.3981447219849,0,0,0,264,-154,-276
1745,-0.153125002980232,0.172265633940697,10.4029302597046,0,0,0,262,-151,-275
1746,-0.157910153269768,0.16748046875,10.3981447219849,0,0,0,262,-153,-274
1747,-0.1435546875,0.177050784230232,10.4029302597046,0,0,0,263,-154,-276
1748,-0.153125002980232,0.177050784230232,10.4029302597046,0,0,0,263,-154,-273
1749,-0.138769537210464,0.181835934519768,10.4029302597046,0,0,0,260,-151,-269
1750,-0.1435546875,0.181835934519768,10.4268560409546,0,0,0,264,-153,-272
1751,-0.148339852690697,0.177050784230232,10.4172849655151,0,0,0,264,-154,-271
1752,-0.153125002980232,0.181835934519768,10.40771484375,0,0,0,268,-155,-272
1753,-0.148339852690697,0.172265633940697,10.4125003814697,0,0,0,267,-154,-273
1754,-0.1435546875,0.186621099710464,10.4029302597046,0,0,0,264,-155,-273
1755,-0.1435546875,0.172265633940697,10.4125003814697,0,0,0,259,-161,-272
1756,-0.1435546875,0.172265633940697,10.4029302597046,0,0,0,261,-160,-276
1757,-0.1435546875,0.172265633940697,10.4029302597046,0,0,0,265,-157,-276
1758,-0.148339852690697,0.177050784230232,10.4220705032349,0,0,0,270,-153,-271
1759,-0.153125002980232,0.181835934519768,10.4029302597046,0,0,0,269,-154,-274
1760,-0.148339852690697,0.181835934519768,10.3981447219849,0,0,0,268,-155,-275
1761,-0.157910153269768,0.177050784230232,10.40771484375,0,0,0,268,-152,-277
1762,-0.1435546875,0.177050784230232,10.4268560409546,0,0,0,265,-154,-277
1763,-0.138769537210464,0.177050784230232,10.4029302597046,0,0,0,265,-152,-277
1764,-0.1435546875,0.186621099710464,10.4268560409546,0,0,0,262,-150,-265
1765,-0.153125002980232,0.186621099710464,10.4029302597046,0,0,0,262,-152,-270
1766,-0.1435546875,0.181835934519768,10.4268560409546,0,0,0,260,-150,-273
1767,-0.148339852690697,0.16748046875,10.4125003814697,0,0,0,267,-155,-270
1768,-0.157910153269768,0.181835934519768,10.4172849655151,0,0,0,264,-154,-274
1769,-0.157910153269768,0.196191415190697,10.40771484375,0,0,0,263,-152,-279
1770,-0.148339852690697,0.177050784230232,10.3981447219849,0,0,0,262,-152,-276
1771,-0.153125002980232,0.181835934519768,10.3981447219849,0,0,0,262,-150,-274
1772,-0.157910153269768,0.177050784230232,10.4172849655151,0,0,0,263,-151,-275
1773,-0.153125002980232,0.181835934519768,10.40771484375,0,0,0,263,-147,-274
1774,-0.162695318460464,0.177050784230232,10.40771484375,0,0,0,261,-152,-275
1775,-0.157910153269768,0.177050784230232,10.3981447219849,0,0,0,261,-154,-275
1776,-0.1435546875,0.177050784230232,10.4029302597046,0,0,0,263,-155,-273
1777,-0.153125002980232,0.181835934519768,10.4125003814697,0,0,0,263,-151,-274
1778,-0.153125002980232,0.177050784230232,10.4029302597046,0,0,0,265,-152,-275
1779,-0.148339852690697,0.177050784230232,10.4220705032349,0,0,0,266,-151,-262
1780,-0.157910153269768,0.181835934519768,10.40771484375,0,0,0,263,-150,-267
1781,-0.1435546875,0.16748046875,10.3933591842651,0,0,0,264,-153,-271
1782,-0.148339852690697,0.186621099710464,10.3981447219849,0,0,0,267,-148,-269
1783,-0.148339852690697,0.177050784230232,10.4412107467651,0,0,0,265,-152,-275
1784,-0.1435546875,0.177050784230232,10.4172849655151,0,0,0,264,-158,-276
1785,-0.148339852690697,0.181835934519768,10.3885746002197,0,0,0,264,-158,-275
1785,-0.1435546875,0.172265633940697,10.431640625,0,0,0,264,-155,-272
1786,-0.138769537210464,0.186621099710464,10.3837890625,0,0,0,264,-156,-270
1787,-0.1435546875,0.181835934519768,10.3837890625,0,0,0,259,-154,-267
1788,-0.157910153269768,0.177050784230232,10.3981447219849,0,0,0,263,-155,-272
1789,-0.153125002980232,0.186621099710464,10.4364261627197,0,0,0,266,-154,-276
1790,-0.148339852690697,0.196191415190697,10.3981447219849,0,0,0,264,-153,-274
1791,-0.1435546875,0.19140625,10.3885746002197,0,0,0,262,-155,-275
1792,-0.148339852690697,0.181835934519768,10.3837890625,0,0,0,260,-155,-274
1793,-0.148339852690697,0.181835934519768,10.40771484375,0,0,0,259,-157,-272
1794,-0.1435546875,0.16748046875,10.3885746002197,0,0,0,259,-155,-276
1795,-0.1435546875,0.172265633940697,10.40771484375,0,0,0,262,-155,-275
1796,-0.153125002980232,0.181835934519768,10.4220705032349,0,0,0,264,-155,-275
1797,-0.1435546875,0.196191415190697,10.4029302597046,0,0,0,262,-154,-271
1798,-0.157910153269768,0.177050784230232,10.4172849655151,0,0,0,265,-155,-274
1799,-0.133984372019768,0.186621099710464,10.40771484375,0,0,0,263,-156,-271
1800,-0.148339852690697,0.186621099710464,10.4172849655151,0,0,0,262,-155,-273
1801,-0.1435546875,0.162695318460464,10.4125003814697,0,0,0,262,-157,-275
1802,-0.153125002980232,0.172265633940697,10.4125003814697,0,0,0,263,-155,-265
1803,-0.153125002980232,0.19140625,10.3837890625,0,0,0,266,-154,-268
1804,-0.162695318460464,0.177050784230232,10.4172849655151,0,0,0,265,-154,-275
1805,-0.1435546875,0.186621099710464,10.4125003814697,0,0,0,263,-154,-274
1806,-0.162695318460464,0.186621099710464,10.3790044784546,0,0,0,261,-153,-277
1807,-0.162695318460464,0.181835934519768,10.4029302597046,0,0,0,261,-153,-276
1808,-0.157910153269768,0.172265633940697,10.4029302597046,0,0,0,263,-153,-278
1809,-0.138769537210464,0.186621099710464,10.4172849655151,0,0,0,262,-156,-278
1810,-0.153125002980232,0.172265633940697,10.3837890625,0,0,0,263,-158,-270
1811,-0.138769537210464,0.172265633940697,10.4172849655151,0,0,0,265,-156,-272
1812,-0.138769537210464,0.162695318460464,10.3933591842651,0,0,0,268,-155,-275
1813,-0.148339852690697,0.19140625,10.40771484375,0,0,0,268,-154,-275
1814,-0.157910153269768,0.16748046875,10.4172849655151,0,0,0,263,-155,-276
1815,-0.148339852690697,0.177050784230232,10.4172849655151,0,0,0,267,-152,-275
1816,-0.148339852690697,0.186621099710464,10.3981447219849,0,0,0,266,-152,-276
1817,-0.148339852690697,0.177050784230232,10.4172849655151,0,0,0,270,-157,-266
1818,-0.138769537210464,0.177050784230232,10.3885746002197,0,0,0,268,-156,-269
1819,-0.153125002980232,0.172265633940697,10.4125003814697,0,0,0,266,-156,-273
1820,-0.162695318460464,0.177050784230232,10.4220705032349,0,0,0,266,-155,-274
1821,-0.157910153269768,0.172265633940697,10.3790044784546,0,0,0,263,-154,-275
1822,-0.148339852690697,0.181835934519768,10.4125003814697,0,0,0,263,-152,-273
1823,-0.1435546875,0.177050784230232,10.4125003814697,0,0,0,262,-154,-274
1824,-0.157910153269768,0.181835934519768,10.4029302597046,0,0,0,262,-150,-277
1825,-0.16748046875,0.177050784230232,10.4364261627197,0,0,0,262,-153,-273
1826,-0.157910153269768,0.172265633940697,10.4125003814697,0,0,0,263,-156,-273
1827,-0.1435546875,0.177050784230232,10.4029302597046,0,0,0,262,-154,-273
1828,-0.153125002980232,0.172265633940697,10.3933591842651,0,0,0,263,-154,-270
1829,-0.157910153269768,0.172265633940697,10.3933591842651,0,0,0,265,-152,-273
1830,-0.162695318460464,0.19140625,10.3981447219849,0,0,0,262,-152,-275
1831,-0.138769537210464,0.181835934519768,10.4125003814697,0,0,0,264,-152,-273
1832,-0.157910153269768,0.181835934519768,10.3981447219849,0,0,0,260,-155,-274
1833,-0.1435546875,0.181835934519768,10.4172849655151,0,0,0,262,-156,-274
1834,-0.1435546875,0.181835934519768,10.3885746002197,0,0,0,264,-155,-276
1835,-0.133984372019768,0.181835934519768,10.3981447219849,0,0,0,266,-156,-275
1836,-0.153125002980232,0.177050784230232,10.4172849655151,0,0,0,266,-156,-275
1837,-0.157910153269768,0.177050784230232,10.40771484375,0,0,0,268,-153,-276
1838,-0.148339852690697,0.16748046875,10.40771484375,0,0,0,268,-157,-273
1839,-0.153125002980232,0.181835934519768,10.4125003814697,0,0,0,266,-158,-273
1840,-0.148339852690697,0.186621099710464,10.431640625,0,0,0,265,-154,-274
1841,-0.148339852690697,0.177050784230232,10.3885746002197,0,0,0,265,-154,-274
1842,-0.1435546875,0.177050784230232,10.4220705032349,0,0,0,268,-153,-266
1843,-0.148339852690697,0.181835934519768,10.3933591842651,0,0,0,266,-152,-272
1844,-0.148339852690697,0.186621099710464,10.4029302597046,0,0,0,262,-151,-274
1845,-0.148339852690697,0.172265633940697,10.3933591842651,0,0,0,266,-149,-271
1846,-0.148339852690697,0.186621099710464,10.40771484375,0,0,0,267,-151,-274
1847,-0.153125002980232,0.19140625,10.3885746002197,0,0,0,265,-152,-276
1848,-0.153125002980232,0.172265633940697,10.3933591842651,0,0,0,265,-152,-276
1849,-0.162695318460464,0.177050784230232,10.4029302597046,0,0,0,262,-154,-277
1850,-0.1435546875,0.181835934519768,10.4172849655151,0,0,0,262,-154,-274
1851,-0.153125002980232,0.186621099710464,10.4172849655151,0,0,0,263,-155,-274
1852,-0.148339852690697,0.181835934519768,10.40771484375,0,0,0,262,-155,-273
1853,-0.138769537210464,0.186621099710464,10.3933591842651,0,0,0,258,-156,-275
1854,-0.1435546875,0.177050784230232,10.4029302597046,0,0,0,264,-154,-273
1855,-0.153125002980232,0.181835934519768,10.3981447219849,0,0,0,266,-153,-274
1856,-0.148339852690697,0.177050784230232,10.3885746002197,0,0,0,266,-154,-273
1857,-0.133984372019768,0.177050784230232,10.40771484375,0,0,0,266,-153,-274
1858,-0.1435546875,0.181835934519768,10.4029302597046,0,0,0,263,-154,-277
1859,-0.148339852690697,0.16748046875,10.4125003814697,0,0,0,262,-150,-276
1860,-0.153125002980232,0.181835934519768,10.4125003814697,0,0,0,263,-152,-274
1861,-0.157910153269768,0.181835934519768,10.3837890625,0,0,0,264,-155,-275
1862,-0.148339852690697,0.186621099710464,10.40771484375,0,0,0,264,-157,-276
1863,-0.153125002980232,0.16748046875,10.3981447219849,0,0,0,261,-158,-275
1864,-0.153125002980232,0.186621099710464,10.3885746002197,0,0,0,261,-155,-275
1865,-0.153125002980232,0.172265633940697,10.4172849655151,0,0,0,260,-154,-274
1866,-0.148339852690697,0.181835934519768,10.3885746002197,0,0,0,259,-156,-276
1867,-0.162695318460464,0.172265633940697,10.4172849655151,0,0,0,262,-154,-276
1868,-0.153125002980232,0.16748046875,10.3885746002197,0,0,0,267,-152,-274
1869,-0.157910153269768,0.16748046875,10.3981447219849,0,0,0,270,-152,-276
1870,-0.148339852690697,0.172265633940697,10.3790044784546,0,0,0,267,-157,-270
1871,-0.148339852690697,0.186621099710464,10.4029302597046,0,0,0,264,-157,-273
1872,-0.148339852690697,0.186621099710464,10.4029302597046,0,0,0,264,-156,-276
1873,-0.157910153269768,0.186621099710464,10.4125003814697,0,0,0,261,-155,-276
1874,-0.148339852690697,0.172265633940697,10.3837890625,0,0,0,261,-153,-275
1875,-0.16748046875,0.172265633940697,10.3885746002197,0,0,0,262,-155,-276
1876,-0.133984372019768,0.196191415190697,10.40771484375,0,0,0,263,-152,-275
1877,-0.1435546875,0.186621099710464,10.4172849655151,0,0,0,265,-152,-274
1878,-0.157910153269768,0.19140625,10.3885746002197,0,0,0,264,-154,-275
1879,-0.153125002980232,0.177050784230232,10.431640625,0,0,0,264,-153,-276
1880,-0.153125002980232,0.181835934519768,10.3837890625,0,0,0,264,-154,-276
1881,-0.162695318460464,0.177050784230232,10.4029302597046,0,0,0,262,-156,-274
1882,-0.157910153269768,0.177050784230232,10.4364261627197,0,0,0,261,-153,-277
1883,-0.157910153269768,0.177050784230232,10.3981447219849,0,0,0,261,-152,-275
1884,-0.157910153269768,0.186621099710464,10.4029302597046,0,0,0,260,-153,-275
1885,-0.148339852690697,0.177050784230232,10.40771484375,0,0,0,263,-153,-278
1886,-0.1435546875,0.196191415190697,10.3885746002197,0,0,0,261,-157,-276
1887,-0.153125002980232,0.186621099710464,10.3790044784546,0,0,0,262,-159,-273
1888,-0.1435546875,0.172265633940697,10.4268560409546,0,0,0,263,-157,-275
1889,-0.148339852690697,0.186621099710464,10.4220705032349,0,0,0,260,-158,-275
1890,-0.148339852690697,0.177050784230232,10.40771484375,0,0,0,259,-158,-274
1891,-0.153125002980232,0.186621099710464,10.40771484375,0,0,0,264,-160,-276
1892,-0.153125002980232,0.177050784230232,10.4268560409546,0,0,0,263,-157,-275
1893,-0.1435546875,0.172265633940697,10.3885746002197,0,0,0,268,-153,-274
1894,-0.16748046875,0.172265633940697,10.4125003814697,0,0,0,264,-154,-279
1895,-0.148339852690697,0.177050784230232,10.3981447219849,0,0,0,265,-153,-278
1896,-0.157910153269768,0.177050784230232,10.4125003814697,0,0,0,263,-155,-278
1897,-0.162695318460464,0.177050784230232,10.4029302597046,0,0,0,263,-156,-277
1898,-0.138769537210464,0.19140625,10.4125003814697,0,0,0,266,-156,-278
1899,-0.162695318460464,0.172265633940697,10.40771484375,0,0,0,263,-155,-275
1900,-0.148339852690697,0.181835934519768,10.4125003814697,0,0,0,265,-156,-275
1901,-0.148339852690697,0.181835934519768,10.3981447219849,0,0,0,266,-158,-275
1902,-0.162695318460464,0.177050784230232,10.3742189407349,0,0,0,264,-158,-276
1903,-0.157910153269768,0.172265633940697,10.3981447219849,0,0,0,263,-157,-274
1904,-0.153125002980232,0.181835934519768,10.3885746002197,0,0,0,261,-157,-277
1905,-0.162695318460464,0.16748046875,10.4220705032349,0,0,0,260,-154,-278
1906,-0.16748046875,0.157910153269768,10.3742189407349,0,0,0,262,-154,-280
1907,-0.16748046875,0.177050784230232,10.3837890625,0,0,0,263,-150,-275
1908,-0.1435546875,0.177050784230232,10.3933591842651,0,0,0,265,-149,-274
1909,-0.148339852690697,0.177050784230232,10.4125003814697,0,0,0,263,-152,-274
1910,-0.153125002980232,0.181835934519768,10.40771484375,0,0,0,264,-151,-276
1911,-0.157910153269768,0.16748046875,10.3885746002197,0,0,0,265,-150,-277
1912,-0.1435546875,0.181835934519768,10.3694334030151,0,0,0,264,-151,-273
1913,-0.1435546875,0.181835934519768,10.4029302597046,0,0,0,264,-153,-276
1914,-0.148339852690697,0.181835934519768,10.3933591842651,0,0,0,263,-155,-278
1915,-0.1435546875,0.186621099710464,10.40771484375,0,0,0,263,-155,-278
1916,-0.1435546875,0.177050784230232,10.4029302597046,0,0,0,265,-156,-277
1917,-0.162695318460464,0.181835934519768,10.431640625,0,0,0,265,-154,-274
1918,-0.148339852690697,0.177050784230232,10.4268560409546,0,0,0,264,-154,-272
1919,-0.138769537210464,0.172265633940697,10.4029302597046,0,0,0,262,-153,-274
1920,-0.157910153269768,0.177050784230232,10.4029302597046,0,0,0,263,-153,-278
1921,-0.148339852690697,0.172265633940697,10.4268560409546,0,0,0,262,-153,-276
1922,-0.157910153269768,0.16748046875,10.4268560409546,0,0,0,263,-155,-274
1923,-0.162695318460464,0.172265633940697,10.4029302597046,0,0,0,264,-153,-273
1924,-0.1435546875,0.181835934519768,10.4268560409546,0,0,0,264,-153,-271
1925,-0.157910153269768,0.172265633940697,10.3837890625,0,0,0,264,-153,-273
1926,-0.162695318460464,0.186621099710464,10.4172849655151,0,0,0,263,-152,-274
1927,-0.153125002980232,0.186621099710464,10.3837890625,0,0,0,264,-153,-275
1928,-0.153125002980232,0.172265633940697,10.4029302597046,0,0,0,261,-154,-276
1929,-0.1435546875,0.172265633940697,10.4125003814697,0,0,0,262,-157,-276
1930,-0.153125002980232,0.181835934519768,10.3885746002197,0,0,0,262,-157,-275
1931,-0.148339852690697,0.177050784230232,10.4172849655151,0,0,0,264,-156,-276
1932,-0.157910153269768,0.172265633940697,10.431640625,0,0,0,265,-153,-278
1933,-0.157910153269768,0.181835934519768,10.3981447219849,0,0,0,267,-152,-276
1934,-0.157910153269768,0.186621099710464,10.3885746002197,0,0,0,265,-153,-277
1935,-0.157910153269768,0.181835934519768,10.3885746002197,0,0,0,269,-156,-260
1936,-0.133984372019768,0.177050784230232,10.3837890625,0,0,0,267,-155,-268
1937,-0.1435546875,0.181835934519768,10.3981447219849,0,0,0,267,-155,-274
1938,-0.153125002980232,0.19140625,10.4220705032349,0,0,0,264,-153,-277
1939,-0.153125002980232,0.19140625,10.4172849655151,0,0,0,265,-151,-274
1940,-0.148339852690697,0.181835934519768,10.4029302597046,0,0,0,263,-151,-274
1941,-0.153125002980232,0.172265633940697,10.4220705032349,0,0,0,263,-150,-275
1942,-0.148339852690697,0.186621099710464,10.3981447219849,0,0,0,265,-151,-274
1943,-0.148339852690697,0.177050784230232,10.3837890625,0,0,0,264,-153,-276
1944,-0.148339852690697,0.196191415190697,10.3933591842651,0,0,0,265,-151,-278
1945,-0.153125002980232,0.186621099710464,10.3742189407349,0,0,0,266,-153,-278
1946,-0.1435546875,0.16748046875,10.4029302597046,0,0,0,264,-149,-275
1947,-0.1435546875,0.162695318460464,10.4125003814697,0,0,0,265,-153,-274
1948,-0.138769537210464,0.19140625,10.3981447219849,0,0,0,269,-150,-271
1949,-0.162695318460464,0.186621099710464,10.3981447219849,0,0,0,267,-154,-275
1950,-0.157910153269768,0.181835934519768,10.4029302597046,0,0,0,266,-155,-277
1951,-0.148339852690697,0.157910153269768,10.3790044784546,0,0,0,265,-155,-278
1952,-0.162695318460464,0.181835934519768,10.3981447219849,0,0,0,265,-152,-278
1953,-0.153125002980232,0.19140625,10.3981447219849,0,0,0,263,-154,-277
1954,-0.16748046875,0.177050784230232,10.3981447219849,0,0,0,265,-153,-277
1955,-0.162695318460464,0.181835934519768,10.3981447219849,0,0,0,264,-151,-275
1956,-0.153125002980232,0.19140625,10.3981447219849,0,0,0,264,-152,-274
1957,-0.148339852690697,0.172265633940697,10.4029302597046,0,0,0,263,-154,-276
1958,-0.157910153269768,0.177050784230232,10.3981447219849,0,0,0,262,-154,-275
1959,-0.153125002980232,0.172265633940697,10.4220705032349,0,0,0,259,-155,-275
1960,-0.1435546875,0.177050784230232,10.3933591842651,0,0,0,261,-157,-276
1961,-0.148339852690697,0.162695318460464,10.4220705032349,0,0,0,262,-157,-275
1962,-0.162695318460464,0.172265633940697,10.3933591842651,0,0,0,264,-156,-275
1963,-0.148339852690697,0.196191415190697,10.4268560409546,0,0,0,264,-155,-277
1964,-0.138769537210464,0.177050784230232,10.40771484375,0,0,0,265,-152,-276
1965,-0.16748046875,0.172265633940697,10.4125003814697,0,0,0,267,-153,-270
1966,-0.129199221730232,0.177050784230232,10.4125003814697,0,0,0,264,-153,-272
1967,-0.138769537210464,0.181835934519768,10.4125003814697,0,0,0,262,-152,-270
1968,-0.153125002980232,0.162695318460464,10.3933591842651,0,0,0,265,-153,-270
1969,-0.148339852690697,0.162695318460464,10.3885746002197,0,0,0,266,-155,-274
1970,-0.1435546875,0.172265633940697,10.3837890625,0,0,0,263,-158,-266
1971,-0.157910153269768,0.177050784230232,10.4220705032349,0,0,0,262,-157,-258
1972,-0.138769537210464,0.157910153269768,10.40771484375,0,0,0,262,-156,-266
1973,-0.157910153269768,0.19140625,10.4172849655151,0,0,0,263,-153,-271
1974,-0.133984372019768,0.172265633940697,10.40771484375,0,0,0,267,-155,-269
1975,-0.148339852690697,0.172265633940697,10.3933591842651,0,0,0,266,-155,-275
1976,-0.1435546875,0.172265633940697,10.4220705032349,0,0,0,266,-154,-274
1977,-0.148339852690697,0.177050784230232,10.3885746002197,0,0,0,264,-155,-273
1978,-0.148339852690697,0.177050784230232,10.3981447219849,0,0,0,263,-153,-274
1979,-0.138769537210464,0.172265633940697,10.3837890625,0,0,0,262,-155,-274
1980,-0.1435546875,0.172265633940697,10.3885746002197,0,0,0,266,-152,-273
1981,-0.1435546875,0.177050784230232,10.40771484375,0,0,0,266,-154,-273
1982,-0.148339852690697,0.172265633940697,10.4220705032349,0,0,0,266,-155,-273
1983,-0.1435546875,0.177050784230232,10.3933591842651,0,0,0,267,-156,-271
1984,-0.162695318460464,0.177050784230232,10.3981447219849,0,0,0,265,-153,-274
1985,-0.153125002980232,0.19140625,10.40771484375,0,0,0,265,-153,-276
1986,-0.148339852690697,0.172265633940697,10.4125003814697,0,0,0,260,-152,-274
1987,-0.148339852690697,0.186621099710464,10.3981447219849,0,0,0,263,-155,-275
1988,-0.153125002980232,0.162695318460464,10.3981447219849,0,0,0,266,-156,-276
1989,-0.157910153269768,0.172265633940697,10.4172849655151,0,0,0,265,-158,-274
1990,-0.153125002980232,0.177050784230232,10.4172849655151,0,0,0,264,-155,-276
1991,-0.153125002980232,0.172265633940697,10.4268560409546,0,0,0,263,-153,-276
1992,-0.148339852690697,0.181835934519768,10.4125003814697,0,0,0,264,-157,-276
1993,-0.148339852690697,0.186621099710464,10.40771484375,0,0,0,261,-155,-277
1994,-0.138769537210464,0.181835934519768,10.431640625,0,0,0,261,-155,-275
1995,-0.162695318460464,0.177050784230232,10.4125003814697,0,0,0,262,-150,-272
1996,-0.148339852690697,0.181835934519768,10.3933591842651,0,0,0,262,-153,-274
1997,-0.153125002980232,0.19140625,10.4125003814697,0,0,0,262,-153,-276
1998,-0.162695318460464,0.16748046875,10.3981447219849,0,0,0,263,-155,-275
1999,-0.138769537210464,0.172265633940697,10.4220705032349,0,0,0,263,-155,-275
2000,-0.148339852690697,0.177050784230232,10.4125003814697,0,0,0,264,-156,-274
2001,-0.157910153269768,0.177050784230232,10.4125003814697,0,0,0,262,-158,-273
2002,-0.1435546875,0.172265633940697,10.4029302597046,0,0,0,264,-156,-276
2003,-0.1435546875,0.16748046875,10.3933591842651,0,0,0,264,-155,-273
2004,-0.1435546875,0.186621099710464,10.40771484375,0,0,0,266,-152,-271
2005,-0.153125002980232,0.186621099710464,10.3933591842651,0,0,0,263,-151,-275
2006,-0.148339852690697,0.177050784230232,10.40771484375,0,0,0,262,-150,-273
2007,-0.1435546875,0.181835934519768,10.4125003814697,0,0,0,261,-151,-273
2008,-0.153125002980232,0.181835934519768,10.40771484375,0,0,0,259,-153,-276
2009,-0.157910153269768,0.172265633940697,10.4125003814697,0,0,0,266,-153,-278
2010,-0.157910153269768,0.172265633940697,10.4029302597046,0,0,0,261,-151,-274
2011,-0.153125002980232,0.186621099710464,10.4125003814697,0,0,0,262,-152,-273
2012,-0.157910153269768,0.16748046875,10.40771484375,0,0,0,264,-155,-272
2013,-0.153125002980232,0.157910153269768,10.3981447219849,0,0,0,267,-155,-270
2014,-0.1435546875,0.186621099710464,10.4029302597046,0,0,0,264,-152,-272
2015,-0.162695318460464,0.181835934519768,10.4029302597046,0,0,0,263,-152,-275
2016,-0.153125002980232,0.172265633940697,10.3981447219849,0,0,0,265,-153,-272
2017,-0.1435546875,0.177050784230232,10.4172849655151,0,0,0,265,-154,-273
2018,-0.153125002980232,0.177050784230232,10.4029302597046,0,0,0,261,-158,-273
2019,-0.157910153269768,0.172265633940697,10.3837890625,0,0,0,268,-153,-272
2020,-0.1435546875,0.177050784230232,10.3981447219849,0,0,0,266,-154,-278
2021,-0.1435546875,0.181835934519768,10.4125003814697,0,0,0,265,-153,-279
2022,-0.153125002980232,0.19140625,10.40771484375,0,0,0,265,-153,-278
2023,-0.148339852690697,0.172265633940697,10.3837890625,0,0,0,263,-152,-277
2024,-0.162695318460464,0.16748046875,10.4220705032349,0,0,0,261,-155,-275
2025,-0.153125002980232,0.186621099710464,10.3837890625,0,0,0,260,-158,-273
2026,-0.157910153269768,0.16748046875,10.4029302597046,0,0,0,262,-156,-273
2027,-0.1435546875,0.177050784230232,10.4029302597046,0,0,0,259,-157,-275
2028,-0.153125002980232,0.16748046875,10.40771484375,0,0,0,266,-154,-272
2029,-0.153125002980232,0.181835934519768,10.3981447219849,0,0,0,265,-154,-275
2030,-0.1435546875,0.172265633940697,10.4029302597046,0,0,0,267,-155,-274
2031,-0.153125002980232,0.186621099710464,10.40771484375,0,0,0,265,-156,-275
2032,-0.157910153269768,0.177050784230232,10.3885746002197,0,0,0,266,-153,-274
2033,-0.1435546875,0.172265633940697,10.3790044784546,0,0,0,267,-153,-274
2034,-0.153125002980232,0.172265633940697,10.4125003814697,0,0,0,262,-151,-269
2035,-0.138769537210464,0.186621099710464,10.3837890625,0,0,0,260,-154,-271
2036,-0.162695318460464,0.162695318460464,10.4029302597046,0,0,0,263,-154,-271
2037,-0.162695318460464,0.172265633940697,10.3885746002197,0,0,0,262,-154,-273
2038,-0.153125002980232,0.177050784230232,10.4029302597046,0,0,0,263,-155,-274
2039,-0.138769537210464,0.19140625,10.4029302597046,0,0,0,263,-155,-272
2040,-0.16748046875,0.181835934519768,10.4172849655151,0,0,0,262,-156,-270
2040,-0.1435546875,0.19140625,10.3933591842651,0,0,0,261,-157,-273
2041,-0.148339852690697,0.177050784230232,10.3837890625,0,0,0,263,-154,-274
2042,-0.1435546875,0.19140625,10.4125003814697,0,0,0,262,-153,-273
2043,-0.148339852690697,0.181835934519768,10.4125003814697,0,0,0,265,-155,-276
2044,-0.153125002980232,0.181835934519768,10.4029302597046,0,0,0,264,-153,-276
2045,-0.1435546875,0.186621099710464,10.4125003814697,0,0,0,263,-156,-275
2046,-0.162695318460464,0.181835934519768,10.3885746002197,0,0,0,262,-156,-276
2047,-0.157910153269768,0.177050784230232,10.3981447219849,0,0,0,263,-157,-275
2048,-0.157910153269768,0.181835934519768,10.4172849655151,0,0,0,262,-159,-274
2049,-0.16748046875,0.181835934519768,10.4029302597046,0,0,0,264,-159,-275
2050,-0.153125002980232,0.177050784230232,10.4029302597046,0,0,0,267,-157,-272
2051,-0.157910153269768,0.177050784230232,10.3981447219849,0,0,0,264,-155,-265
2052,-0.1435546875,0.186621099710464,10.40771484375,0,0,0,265,-152,-274
2053,-0.1435546875,0.172265633940697,10.4125003814697,0,0,0,264,-155,-276
2054,-0.1435546875,0.181835934519768,10.3885746002197,0,0,0,265,-154,-276
2055,-0.148339852690697,0.177050784230232,10.3790044784546,0,0,0,267,-157,-275
2056,-0.153125002980232,0.181835934519768,10.4029302597046,0,0,0,265,-155,-275
2057,-0.162695318460464,0.172265633940697,10.4268560409546,0,0,0,264,-153,-273
2058,-0.148339852690697,0.181835934519768,10.40771484375,0,0,0,265,-154,-274
2059,-0.153125002980232,0.172265633940697,10.3933591842651,0,0,0,265,-154,-274
2060,-0.153125002980232,0.181835934519768,10.40771484375,0,0,0,264,-153,-276
2061,-0.157910153269768,0.177050784230232,10.40771484375,0,0,0,265,-154,-275
2062,-0.162695318460464,0.181835934519768,10.40771484375,0,0,0,264,-153,-276
2063,-0.157910153269768,0.172265633940697,10.3885746002197,0,0,0,266,-153,-277
2064,-0.153125002980232,0.181835934519768,10.40771484375,0,0,0,264,-153,-274
2065,-0.148339852690697,0.181835934519768,10.3646488189697,0,0,0,266,-155,-276
2066,-0.148339852690697,0.181835934519768,10.40771484375,0,0,0,266,-156,-275
2067,-0.153125002980232,0.177050784230232,10.40771484375,0,0,0,264,-158,-277
2068,-0.138769537210464,0.153125002980232,10.3981447219849,0,0,0,267,-158,-276
2069,-0.162695318460464,0.181835934519768,10.40771484375,0,0,0,267,-155,-276
2070,-0.153125002980232,0.177050784230232,10.3981447219849,0,0,0,266,-157,-276
2071,-0.1435546875,0.181835934519768,10.4029302597046,0,0,0,265,-156,-274
2072,-0.153125002980232,0.177050784230232,10.4029302597046,0,0,0,267,-156,-272
2073,-0.157910153269768,0.172265633940697,10.3790044784546,0,0,0,268,-159,-276
2074,-0.148339852690697,0.181835934519768,10.40771484375,0,0,0,267,-158,-275
2075,-0.162695318460464,0.186621099710464,10.4125003814697,0,0,0,265,-157,-276
2076,-0.148339852690697,0.181835934519768,10.3837890625,0,0,0,265,-155,-277
2077,-0.1435546875,0.172265633940697,10.3885746002197,0,0,0,263,-159,-277
2078,-0.157910153269768,0.177050784230232,10.4125003814697,0,0,0,263,-161,-274
2079,-0.153125002980232,0.177050784230232,10.3933591842651,0,0,0,264,-159,-271
2080,-0.138769537210464,0.181835934519768,10.3885746002197,0,0,0,264,-158,-270
2081,-0.1435546875,0.181835934519768,10.4029302597046,0,0,0,261,-159,-272
2082,-0.16748046875,0.181835934519768,10.4220705032349,0,0,0,262,-157,-275
2083,-0.1435546875,0.177050784230232,10.4172849655151,0,0,0,262,-154,-276
2084,-0.138769537210464,0.172265633940697,10.3933591842651,0,0,0,269,-157,-273
2085,-0.153125002980232,0.16748046875,10.3885746002197,0,0,0,267,-156,-274
2086,-0.148339852690697,0.172265633940697,10.3933591842651,0,0,0,263,-157,-275
2087,-0.153125002980232,0.177050784230232,10.4029302597046,0,0,0,264,-153,-276
2088,-0.153125002980232,0.172265633940697,10.40771484375,0,0,0,265,-154,-275
2089,-0.148339852690697,0.181835934519768,10.3981447219849,0,0,0,263,-155,-277
2090,-0.1435546875,0.172265633940697,10.40771484375,0,0,0,268,-153,-274
2091,-0.148339852690697,0.172265633940697,10.40771484375,0,0,0,266,-152,-272
2092,-0.138769537210464,0.177050784230232,10.4220705032349,0,0,0,266,-152,-274
2093,-0.133984372019768,0.172265633940697,10.40771484375,0,0,0,264,-153,-276
2094,-0.153125002980232,0.172265633940697,10.40771484375,0,0,0,263,-155,-275
2095,-0.153125002980232,0.172265633940697,10.3933591842651,0,0,0,262,-155,-276
2096,-0.148339852690697,0.177050784230232,10.3933591842651,0,0,0,263,-156,-272
2097,-0.162695318460464,0.186621099710464,10.4125003814697,0,0,0,263,-157,-277
2098,-0.148339852690697,0.162695318460464,10.4220705032349,0,0,0,262,-156,-278
2099,-0.148339852690697,0.177050784230232,10.40771484375,0,0,0,267,-156,-274
2100,-0.1435546875,0.177050784230232,10.4029302597046,0,0,0,266,-156,-273
2101,-0.148339852690697,0.181835934519768,10.4029302597046,0,0,0,265,-156,-273
2102,-0.153125002980232,0.181835934519768,10.4220705032349,0,0,0,263,-157,-273
2103,-0.153125002980232,0.186621099710464,10.3742189407349,0,0,0,263,-158,-276
2104,-0.138769537210464,0.186621099710464,10.3933591842651,0,0,0,265,-156,-278
2105,-0.153125002980232,0.172265633940697,10.3981447219849,0,0,0,265,-156,-278
2106,-0.153125002980232,0.181835934519768,10.3981447219849,0,0,0,263,-154,-276
2107,-0.138769537210464,0.181835934519768,10.4029302597046,0,0,0,265,-155,-275
2108,-0.148339852690697,0.186621099710464,10.40771484375,0,0,0,266,-158,-274
2109,-0.148339852690697,0.172265633940697,10.3981447219849,0,0,0,266,-156,-278
2110,-0.1435546875,0.177050784230232,10.3933591842651,0,0,0,264,-156,-277
2111,-0.1435546875,0.172265633940697,10.3933591842651,0,0,0,263,-155,-274
2112,-0.157910153269768,0.177050784230232,10.3981447219849,0,0,0,261,-154,-269
2113,-0.157910153269768,0.16748046875,10.4029302597046,0,0,0,258,-152,-272
2114,-0.153125002980232,0.172265633940697,10.3981447219849,0,0,0,265,-153,-273
2115,-0.148339852690697,0.196191415190697,10.3933591842651,0,0,0,267,-153,-273
2116,-0.157910153269768,0.181835934519768,10.40771484375,0,0,0,264,-152,-276
2117,-0.1435546875,0.181835934519768,10.3885746002197,0,0,0,263,-152,-276
2118,-0.162695318460464,0.172265633940697,10.4029302597046,0,0,0,265,-151,-273
2119,-0.157910153269768,0.177050784230232,10.3790044784546,0,0,0,267,-153,-273
2120,-0.148339852690697,0.181835934519768,10.3981447219849,0,0,0,260,-150,-271
2121,-0.148339852690697,0.177050784230232,10.3837890625,0,0,0,260,-153,-272
2122,-0.1435546875,0.177050784230232,10.3981447219849,0,0,0,262,-155,-274
2123,-0.1435546875,0.186621099710464,10.3981447219849,0,0,0,265,-159,-272
2124,-0.1435546875,0.186621099710464,10.3933591842651,0,0,0,265,-159,-272
2125,-0.148339852690697,0.177050784230232,10.4029302597046,0,0,0,265,-155,-272
2126,-0.138769537210464,0.157910153269768,10.4125003814697,0,0,0,263,-154,-275
2127,-0.138769537210464,0.16748046875,10.3981447219849,0,0,0,263,-154,-275
2128,-0.153125002980232,0.16748046875,10.40771484375,0,0,0,266,-155,-274
2129,-0.1435546875,0.181835934519768,10.40771484375,0,0,0,265,-153,-274
2130,-0.162695318460464,0.181835934519768,10.4029302597046,0,0,0,260,-150,-272
2131,-0.148339852690697,0.177050784230232,10.3837890625,0,0,0,262,-153,-271
2132,-0.1435546875,0.172265633940697,10.3933591842651,0,0,0,262,-155,-275
2133,-0.16748046875,0.19140625,10.3933591842651,0,0,0,260,-156,-274
2134,-0.148339852690697,0.181835934519768,10.40771484375,0,0,0,261,-154,-273
2135,-0.157910153269768,0.186621099710464,10.4125003814697,0,0,0,260,-155,-274
2136,-0.162695318460464,0.181835934519768,10.40771484375,0,0,0,262,-159,-274
2137,-0.157910153269768,0.186621099710464,10.3981447219849,0,0,0,261,-155,-274
2138,-0.162695318460464,0.19140625,10.4125003814697,0,0,0,263,-157,-270
2139,-0.148339852690697,0.19140625,10.4029302597046,0,0,0,264,-157,-274
2140,-0.162695318460464,0.181835934519768,10.3981447219849,0,0,0,264,-155,-273
2141,-0.177050784230232,0.177050784230232,10.4029302597046,0,0,0,263,-156,-274
2142,-0.153125002980232,0.181835934519768,10.4029302597046,0,0,0,265,-154,-272
2143,-0.153125002980232,0.157910153269768,10.3837890625,0,0,0,263,-153,-272
2144,-0.157910153269768,0.177050784230232,10.3885746002197,0,0,0,264,-152,-273
2145,-0.1435546875,0.162695318460464,10.3885746002197,0,0,0,263,-152,-275
2146,-0.157910153269768,0.16748046875,10.3981447219849,0,0,0,264,-155,-275
2147,-0.162695318460464,0.181835934519768,10.3933591842651,0,0,0,269,-160,-272
2148,-0.148339852690697,0.16748046875,10.3933591842651,0,0,0,265,-158,-275
2149,-0.138769537210464,0.177050784230232,10.40771484375,0,0,0,265,-157,-274
2150,-0.153125002980232,0.181835934519768,10.4029302597046,0,0,0,264,-157,-273
2151,-0.148339852690697,0.181835934519768,10.4029302597046,0,0,0,262,-155,-271
2152,-0.157910153269768,0.19140625,10.40771484375,0,0,0,265,-156,-275
2153,-0.16748046875,0.172265633940697,10.40771484375,0,0,0,266,-152,-275
2154,-0.1435546875,0.16748046875,10.40771484375,0,0,0,265,-150,-275
2155,-0.153125002980232,0.16748046875,10.40771484375,0,0,0,262,-154,-274
2156,-0.157910153269768,0.186621099710464,10.3981447219849,0,0,0,263,-155,-276
2157,-0.133984372019768,0.177050784230232,10.3981447219849,0,0,0,264,-156,-278
2158,-0.1435546875,0.177050784230232,10.3885746002197,0,0,0,265,-156,-278
2159,-0.1435546875,0.177050784230232,10.4029302597046,0,0,0,266,-157,-276
2160,-0.153125002980232,0.186621099710464,10.3981447219849,0,0,0,264,-157,-274
2161,-0.157910153269768,0.181835934519768,10.4029302597046,0,0,0,267,-156,-274
2162,-0.1435546875,0.162695318460464,10.3933591842651,0,0,0,268,-155,-273
2163,-0.148339852690697,0.16748046875,10.3933591842651,0,0,0,265,-155,-276
2164,-0.148339852690697,0.186621099710464,10.3885746002197,0,0,0,264,-155,-275
2165,-0.1435546875,0.177050784230232,10.3694334030151,0,0,0,266,-156,-276
2166,-0.148339852690697,0.177050784230232,10.40771484375,0,0,0,264,-156,-276
2167,-0.153125002980232,0.181835934519768,10.3933591842651,0,0,0,260,-159,-278
2168,-0.1435546875,0.172265633940697,10.3981447219849,0,0,0,262,-155,-277
2169,-0.162695318460464,0.181835934519768,10.3933591842651,0,0,0,264,-153,-277
2170,-0.1435546875,0.16748046875,10.40771484375,0,0,0,264,-154,-277
2171,-0.153125002980232,0.181835934519768,10.3981447219849,0,0,0,265,-155,-274
2172,-0.1435546875,0.186621099710464,10.4125003814697,0,0,0,263,-158,-273
2173,-0.1435546875,0.181835934519768,10.3933591842651,0,0,0,265,-157,-273
2174,-0.157910153269768,0.172265633940697,10.40771484375,0,0,0,261,-156,-273
2175,-0.138769537210464,0.172265633940697,10.3885746002197,0,0,0,264,-157,-274
2176,-0.1435546875,0.181835934519768,10.3981447219849,0,0,0,263,-155,-275
2177,-0.153125002980232,0.172265633940697,10.4029302597046,0,0,0,264,-153,-273
2178,-0.153125002980232,0.181835934519768,10.3933591842651,0,0,0,265,-154,-274
2179,-0.148339852690697,0.172265633940697,10.40771484375,0,0,0,266,-155,-274
2180,-0.153125002980232,0.19140625,10.3742189407349,0,0,0,264,-158,-275
2181,-0.138769537210464,0.177050784230232,10.3933591842651,0,0,0,262,-157,-277
2182,-0.157910153269768,0.177050784230232,10.4029302597046,0,0,0,262,-157,-276
2183,-0.157910153269768,0.19140625,10.3885746002197,0,0,0,261,-156,-277
2184,-0.157910153269768,0.177050784230232,10.3981447219849,0,0,0,261,-155,-273
2185,-0.157910153269768,0.177050784230232,10.4125003814697,0,0,0,263,-156,-274
2186,-0.148339852690697,0.181835934519768,10.3837890625,0,0,0,262,-154,-276
2187,-0.1435546875,0.172265633940697,10.4125003814697,0,0,0,265,-153,-276
2188,-0.138769537210464,0.172265633940697,10.3885746002197,0,0,0,266,-155,-274
2189,-0.148339852690697,0.181835934519768,10.3885746002197,0,0,0,264,-156,-275
2190,-0.148339852690697,0.153125002980232,10.3885746002197,0,0,0,263,-156,-275
2191,-0.153125002980232,0.186621099710464,10.3981447219849,0,0,0,264,-153,-274
2192,-0.148339852690697,0.181835934519768,10.3837890625,0,0,0,263,-152,-278
2193,-0.157910153269768,0.186621099710464,10.3837890625,0,0,0,265,-152,-276
2194,-0.162695318460464,0.186621099710464,10.4125003814697,0,0,0,265,-153,-274
2195,-0.153125002980232,0.181835934519768,10.3885746002197,0,0,0,266,-154,-273
2196,-0.172265633940697,0.181835934519768,10.4125003814697,0,0,0,264,-154,-272
2197,-0.16748046875,0.16748046875,10.4029302597046,0,0,0,263,-153,-274
2198,-0.153125002980232,0.186621099710464,10.4125003814697,0,0,0,265,-157,-272
2199,-0.16748046875,0.177050784230232,10.3933591842651,0,0,0,261,-154,-274
2200,-0.148339852690697,0.16748046875,10.40771484375,0,0,0,262,-155,-275
2201,-0.157910153269768,0.181835934519768,10.3933591842651,0,0,0,263,-154,-277
2202,-0.157910153269768,0.172265633940697,10.3981447219849,0,0,0,263,-153,-278
2203,-0.181835934519768,0.172265633940697,10.3981447219849,0,0,0,259,-156,-275
2204,-0.157910153269768,0.181835934519768,10.3981447219849,0,0,0,261,-158,-275
2205,-0.153125002980232,0.181835934519768,10.40771484375,0,0,0,263,-155,-276
2206,-0.153125002980232,0.177050784230232,10.3837890625,0,0,0,263,-154,-273
2207,-0.162695318460464,0.186621099710464,10.3885746002197,0,0,0,261,-154,-274
2208,-0.153125002980232,0.181835934519768,10.3981447219849,0,0,0,263,-153,-275
2209,-0.162695318460464,0.186621099710464,10.3981447219849,0,0,0,264,-152,-277
2210,-0.153125002980232,0.172265633940697,10.3885746002197,0,0,0,264,-152,-277
2211,-0.148339852690697,0.172265633940697,10.3933591842651,0,0,0,266,-153,-271
2212,-0.157910153269768,0.172265633940697,10.40771484375,0,0,0,265,-153,-271
2213,-0.153125002980232,0.172265633940697,10.3981447219849,0,0,0,266,-157,-274
2214,-0.153125002980232,0.186621099710464,10.3981447219849,0,0,0,266,-154,-276
2215,-0.133984372019768,0.172265633940697,10.3790044784546,0,0,0,264,-155,-278
2216,-0.153125002980232,0.181835934519768,10.40771484375,0,0,0,263,-155,-277
2217,-0.148339852690697,0.19140625,10.3981447219849,0,0,0,262,-150,-269
2218,-0.162695318460464,0.196191415190697,10.4125003814697,0,0,0,263,-155,-273
2219,-0.157910153269768,0.181835934519768,10.3933591842651,0,0,0,263,-154,-273
2220,-0.148339852690697,0.186621099710464,10.3981447219849,0,0,0,265,-153,-273
2221,-0.148339852690697,0.196191415190697,10.40771484375,0,0,0,264,-152,-271
2222,-0.148339852690697,0.177050784230232,10.3885746002197,0,0,0,263,-154,-273
2223,-0.148339852690697,0.196191415190697,10.3885746002197,0,0,0,263,-156,-274
2224,-0.153125002980232,0.177050784230232,10.3837890625,0,0,0,263,-156,-275
2225,-0.153125002980232,0.172265633940697,10.3981447219849,0,0,0,265,-156,-274
2226,-0.148339852690697,0.177050784230232,10.4029302597046,0,0,0,267,-156,-271
2227,-0.157910153269768,0.181835934519768,10.4029302597046,0,0,0,265,-155,-274
2228,-0.148339852690697,0.177050784230232,10.4125003814697,0,0,0,265,-156,-274
2229,-0.153125002980232,0.162695318460464,10.3837890625,0,0,0,265,-157,-278
2230,-0.157910153269768,0.19140625,10.3885746002197,0,0,0,264,-154,-279
2231,-0.1435546875,0.16748046875,10.3933591842651,0,0,0,264,-152,-277
2232,-0.148339852690697,0.172265633940697,10.3837890625,0,0,0,264,-150,-273
2233,-0.162695318460464,0.16748046875,10.4029302597046,0,0,0,265,-155,-275
2234,-0.16748046875,0.181835934519768,10.3981447219849,0,0,0,263,-155,-275
2235,-0.153125002980232,0.181835934519768,10.4125003814697,0,0,0,265,-159,-272
2236,-0.153125002980232,0.177050784230232,10.3933591842651,0,0,0,264,-161,-273
2237,-0.153125002980232,0.181835934519768,10.3837890625,0,0,0,263,-158,-272
2238,-0.1435546875,0.162695318460464,10.4125003814697,0,0,0,260,-158,-271
2239,-0.157910153269768,0.153125002980232,10.4125003814697,0,0,0,261,-155,-273
2240,-0.153125002980232,0.181835934519768,10.3933591842651,0,0,0,261,-154,-275
2241,-0.153125002980232,0.181835934519768,10.4029302597046,0,0,0,263,-152,-272
2242,-0.1435546875,0.177050784230232,10.3981447219849,0,0,0,266,-154,-275
2243,-0.1435546875,0.177050784230232,10.3981447219849,0,0,0,267,-157,-276
2244,-0.1435546875,0.181835934519768,10.4125003814697,0,0,0,266,-157,-275
2245,-0.157910153269768,0.177050784230232,10.4029302597046,0,0,0,262,-156,-277
2246,-0.162695318460464,0.186621099710464,10.3694334030151,0,0,0,263,-154,-276
2247,-0.148339852690697,0.172265633940697,10.3790044784546,0,0,0,259,-156,-274
2248,-0.153125002980232,0.172265633940697,10.3933591842651,0,0,0,259,-153,-277
2249,-0.138769537210464,0.177050784230232,10.40771484375,0,0,0,261,-153,-276
2250,-0.153125002980232,0.162695318460464,10.4172849655151,0,0,0,265,-154,-273
2251,-0.148339852690697,0.172265633940697,10.40771484375,0,0,0,264,-156,-274
2252,-0.1435546875,0.177050784230232,10.3933591842651,0,0,0,261,-157,-276
2253,-0.157910153269768,0.186621099710464,10.40771484375,0,0,0,261,-156,-276
2254,-0.153125002980232,0.172265633940697,10.3981447219849,0,0,0,264,-155,-275
2255,-0.153125002980232,0.162695318460464,10.4125003814697,0,0,0,263,-157,-278
2256,-0.162695318460464,0.177050784230232,10.4029302597046,0,0,0,258,-150,-269
2257,-0.162695318460464,0.186621099710464,10.3933591842651,0,0,0,259,-153,-274
2258,-0.153125002980232,0.177050784230232,10.3981447219849,0,0,0,259,-156,-275
2259,-0.148339852690697,0.177050784230232,10.40771484375,0,0,0,262,-161,-273
2260,-0.157910153269768,0.172265633940697,10.4172849655151,0,0,0,261,-157,-274
2261,-0.1435546875,0.177050784230232,10.4029302597046,0,0,0,264,-157,-275
2262,-0.157910153269768,0.177050784230232,10.40771484375,0,0,0,262,-158,-272
2263,-0.157910153269768,0.177050784230232,10.3790044784546,0,0,0,263,-158,-273
2264,-0.1435546875,0.181835934519768,10.3933591842651,0,0,0,264,-156,-272
2265,-0.153125002980232,0.177050784230232,10.4029302597046,0,0,0,266,-151,-270
2266,-0.148339852690697,0.172265633940697,10.40771484375,0,0,0,265,-152,-275
2267,-0.138769537210464,0.16748046875,10.40771484375,0,0,0,265,-154,-275
2268,-0.138769537210464,0.172265633940697,10.3742189407349,0,0,0,265,-152,-274
2269,-0.153125002980232,0.177050784230232,10.4029302597046,0,0,0,262,-153,-270
2270,-0.153125002980232,0.177050784230232,10.3742189407349,0,0,0,263,-153,-270
2271,-0.133984372019768,0.181835934519768,10.3933591842651,0,0,0,261,-156,-272
2272,-0.138769537210464,0.181835934519768,10.40771484375,0,0,0,262,-155,-273
2273,-0.153125002980232,0.186621099710464,10.40771484375,0,0,0,260,-155,-274
2274,-0.153125002980232,0.181835934519768,10.3933591842651,0,0,0,265,-157,-271
2275,-0.16748046875,0.177050784230232,10.3837890625,0,0,0,264,-156,-274
2276,-0.153125002980232,0.181835934519768,10.3837890625,0,0,0,265,-157,-277
2277,-0.162695318460464,0.16748046875,10.3933591842651,0,0,0,266,-156,-278
2278,-0.172265633940697,0.181835934519768,10.3933591842651,0,0,0,265,-155,-278
2279,-0.157910153269768,0.186621099710464,10.3885746002197,0,0,0,265,-151,-280
2280,-0.148339852690697,0.181835934519768,10.3885746002197,0,0,0,263,-148,-276
2281,-0.148339852690697,0.177050784230232,10.3790044784546,0,0,0,264,-151,-276
2282,-0.153125002980232,0.177050784230232,10.3885746002197,0,0,0,264,-154,-277
2283,-0.138769537210464,0.172265633940697,10.3885746002197,0,0,0,262,-154,-276
2284,-0.153125002980232,0.186621099710464,10.3981447219849,0,0,0,264,-154,-275
2285,-0.1435546875,0.172265633940697,10.40771484375,0,0,0,264,-157,-275
2286,-0.157910153269768,0.181835934519768,10.3933591842651,0,0,0,260,-158,-273
2287,-0.153125002980232,0.177050784230232,10.4125003814697,0,0,0,260,-155,-274
2288,-0.148339852690697,0.19140625,10.3981447219849,0,0,0,263,-154,-273
2289,-0.172265633940697,0.172265633940697,10.3885746002197,0,0,0,265,-154,-274
2290,-0.148339852690697,0.186621099710464,10.3742189407349,0,0,0,264,-153,-275
2291,-0.162695318460464,0.181835934519768,10.4220705032349,0,0,0,264,-154,-276
2292,-0.153125002980232,0.16748046875,10.3981447219849,0,0,0,265,-156,-275
2293,-0.16748046875,0.177050784230232,10.4125003814697,0,0,0,263,-155,-277
2294,-0.157910153269768,0.16748046875,10.3933591842651,0,0,0,263,-154,-278
2295,-0.148339852690697,0.172265633940697,10.3885746002197,0,0,0,262,-156,-274
2295,-0.157910153269768,0.186621099710464,10.3933591842651,0,0,0,265,-152,-274
2296,-0.138769537210464,0.16748046875,10.4172849655151,0,0,0,267,-152,-275
2297,-0.157910153269768,0.177050784230232,10.3933591842651,0,0,0,264,-152,-275
2298,-0.157910153269768,0.177050784230232,10.3885746002197,0,0,0,265,-153,-274
2299,-0.157910153269768,0.16748046875,10.3981447219849,0,0,0,265,-150,-272
2300,-0.1435546875,0.172265633940697,10.3885746002197,0,0,0,266,-155,-274
2301,-0.162695318460464,0.186621099710464,10.3981447219849,0,0,0,264,-153,-274
2302,-0.148339852690697,0.177050784230232,10.4125003814697,0,0,0,266,-157,-276
2303,-0.153125002980232,0.19140625,10.3981447219849,0,0,0,267,-158,-276
2304,-0.153125002980232,0.177050784230232,10.3933591842651,0,0,0,267,-156,-277
2305,-0.162695318460464,0.172265633940697,10.4029302597046,0,0,0,263,-154,-278
2306,-0.162695318460464,0.181835934519768,10.3694334030151,0,0,0,264,-150,-277
2307,-0.153125002980232,0.186621099710464,10.3790044784546,0,0,0,261,-150,-279
2308,-0.148339852690697,0.186621099710464,10.40771484375,0,0,0,264,-150,-281
2309,-0.157910153269768,0.177050784230232,10.3885746002197,0,0,0,264,-153,-276
2310,-0.157910153269768,0.177050784230232,10.4029302597046,0,0,0,264,-154,-274
2311,-0.157910153269768,0.177050784230232,10.3790044784546,0,0,0,262,-154,-275
2312,-0.162695318460464,0.181835934519768,10.40771484375,0,0,0,261,-156,-277
2313,-0.157910153269768,0.172265633940697,10.3790044784546,0,0,0,261,-153,-277
2314,-0.157910153269768,0.172265633940697,10.3981447219849,0,0,0,261,-154,-277
2315,-0.153125002980232,0.177050784230232,10.4125003814697,0,0,0,262,-153,-275
2316,-0.157910153269768,0.172265633940697,10.4125003814697,0,0,0,264,-153,-279
2317,-0.157910153269768,0.186621099710464,10.3837890625,0,0,0,264,-154,-279
2318,-0.148339852690697,0.16748046875,10.4172849655151,0,0,0,263,-155,-280
2319,-0.153125002980232,0.177050784230232,10.3981447219849,0,0,0,262,-154,-279
2320,-0.153125002980232,0.19140625,10.3981447219849,0,0,0,262,-154,-277
2321,-0.1435546875,0.177050784230232,10.3981447219849,0,0,0,263,-157,-273
2322,-0.1435546875,0.172265633940697,10.4125003814697,0,0,0,265,-152,-271
2323,-0.148339852690697,0.181835934519768,10.4029302597046,0,0,0,265,-152,-276
2324,-0.172265633940697,0.177050784230232,10.4125003814697,0,0,0,264,-153,-274
2325,-0.129199221730232,0.181835934519768,10.3981447219849,0,0,0,262,-154,-276
2326,-0.148339852690697,0.16748046875,10.4125003814697,0,0,0,260,-158,-275
2327,-0.1435546875,0.172265633940697,10.3790044784546,0,0,0,261,-157,-275
2328,-0.1435546875,0.19140625,10.4220705032349,0,0,0,263,-156,-274
2329,-0.1435546875,0.186621099710464,10.4029302597046,0,0,0,260,-157,-277
2330,-0.1435546875,0.186621099710464,10.3933591842651,0,0,0,265,-160,-274
2331,-0.153125002980232,0.181835934519768,10.3981447219849,0,0,0,264,-157,-274
2332,-0.162695318460464,0.16748046875,10.3885746002197,0,0,0,267,-155,-277
2333,-0.162695318460464,0.181835934519768,10.3981447219849,0,0,0,263,-155,-278
2334,-0.153125002980232,0.177050784230232,10.4029302597046,0,0,0,260,-151,-278
2335,-0.153125002980232,0.181835934519768,10.4029302597046,0,0,0,263,-153,-277
2336,-0.153125002980232,0.181835934519768,10.4125003814697,0,0,0,267,-150,-273
2337,-0.157910153269768,0.177050784230232,10.4029302597046,0,0,0,266,-151,-273
2338,-0.148339852690697,0.177050784230232,10.4029302597046,0,0,0,265,-150,-274
2339,-0.162695318460464,0.186621099710464,10.40771484375,0,0,0,262,-151,-271
2340,-0.153125002980232,0.181835934519768,10.40771484375,0,0,0,263,-152,-274
2341,-0.153125002980232,0.172265633940697,10.4029302597046,0,0,0,262,-153,-274
2342,-0.153125002980232,0.181835934519768,10.40771484375,0,0,0,262,-155,-273
2343,-0.153125002980232,0.186621099710464,10.3981447219849,0,0,0,262,-152,-273
2344,-0.148339852690697,0.177050784230232,10.4125003814697,0,0,0,262,-155,-277
2345,-0.148339852690697,0.181835934519768,10.3981447219849,0,0,0,262,-156,-273
2346,-0.153125002980232,0.172265633940697,10.3933591842651,0,0,0,264,-156,-272
2347,-0.157910153269768,0.162695318460464,10.3933591842651,0,0,0,263,-155,-274
2348,-0.157910153269768,0.172265633940697,10.3933591842651,0,0,0,264,-154,-274
2349,-0.162695318460464,0.181835934519768,10.40771484375,0,0,0,264,-155,-274
2350,-0.148339852690697,0.172265633940697,10.4125003814697,0,0,0,262,-157,-274
2351,-0.162695318460464,0.177050784230232,10.3885746002197,0,0,0,263,-154,-272
2352,-0.162695318460464,0.172265633940697,10.3742189407349,0,0,0,265,-155,-276
2353,-0.153125002980232,0.177050784230232,10.3981447219849,0,0,0,265,-155,-278
2354,-0.153125002980232,0.172265633940697,10.3981447219849,0,0,0,265,-155,-273
2355,-0.153125002980232,0.186621099710464,10.3981447219849,0,0,0,264,-155,-274
2356,-0.157910153269768,0.177050784230232,10.3981447219849,0,0,0,264,-156,-277
2357,-0.162695318460464,0.172265633940697,10.4172849655151,0,0,0,266,-156,-276
2358,-0.153125002980232,0.186621099710464,10.40771484375,0,0,0,263,-156,-276
2359,-0.153125002980232,0.16748046875,10.3742189407349,0,0,0,265,-154,-276
2360,-0.148339852690697,0.177050784230232,10.40771484375,0,0,0,266,-154,-275
2361,-0.1435546875,0.16748046875,10.4172849655151,0,0,0,266,-156,-273
2362,-0.16748046875,0.177050784230232,10.3885746002197,0,0,0,264,-157,-276
2363,-0.157910153269768,0.162695318460464,10.3885746002197,0,0,0,265,-156,-278
2364,-0.162695318460464,0.181835934519768,10.3790044784546,0,0,0,263,-155,-280
2365,-0.148339852690697,0.16748046875,10.40771484375,0,0,0,262,-156,-278
2366,-0.157910153269768,0.181835934519768,10.4220705032349,0,0,0,262,-158,-275
2367,-0.133984372019768,0.181835934519768,10.3790044784546,0,0,0,262,-155,-274
2368,-0.153125002980232,0.181835934519768,10.4220705032349,0,0,0,266,-152,-278
2369,-0.148339852690697,0.181835934519768,10.4029302597046,0,0,0,269,-155,-276
2370,-0.148339852690697,0.181835934519768,10.4125003814697,0,0,0,267,-155,-274
2371,-0.162695318460464,0.186621099710464,10.4029302597046,0,0,0,266,-156,-274
2372,-0.16748046875,0.19140625,10.4029302597046,0,0,0,263,-156,-274
2373,-0.153125002980232,0.186621099710464,10.3790044784546,0,0,0,264,-155,-273
2374,-0.157910153269768,0.19140625,10.3933591842651,0,0,0,264,-155,-274
2375,-0.162695318460464,0.181835934519768,10.40771484375,0,0,0,263,-151,-273
2376,-0.153125002980232,0.181835934519768,10.40771484375,0,0,0,263,-154,-275
2377,-0.153125002980232,0.172265633940697,10.4029302597046,0,0,0,265,-152,-278
2378,-0.153125002980232,0.172265633940697,10.3742189407349,0,0,0,265,-156,-277
2379,-0.148339852690697,0.177050784230232,10.4220705032349,0,0,0,266,-156,-275
2380,-0.133984372019768,0.172265633940697,10.4029302597046,0,0,0,266,-152,-274
2381,-0.153125002980232,0.186621099710464,10.4125003814697,0,0,0,264,-153,-275
2382,-0.162695318460464,0.177050784230232,10.3933591842651,0,0,0,259,-155,-273
2383,-0.157910153269768,0.186621099710464,10.4125003814697,0,0,0,263,-152,-275
2384,-0.153125002980232,0.172265633940697,10.3981447219849,0,0,0,265,-152,-271
2385,-0.153125002980232,0.181835934519768,10.3981447219849,0,0,0,265,-153,-274
2386,-0.153125002980232,0.177050784230232,10.3933591842651,0,0,0,264,-154,-276
2387,-0.1435546875,0.172265633940697,10.3885746002197,0,0,0,263,-154,-276
2388,-0.16748046875,0.181835934519768,10.3981447219849,0,0,0,266,-155,-275
2389,-0.148339852690697,0.157910153269768,10.4029302597046,0,0,0,264,-153,-275
2390,-0.162695318460464,0.181835934519768,10.3885746002197,0,0,0,259,-155,-273
2391,-0.157910153269768,0.177050784230232,10.40771484375,0,0,0,260,-152,-275
2392,-0.1435546875,0.172265633940697,10.4029302597046,0,0,0,261,-154,-279
2393,-0.148339852690697,0.177050784230232,10.3885746002197,0,0,0,264,-153,-277
2394,-0.153125002980232,0.16748046875,10.3742189407349,0,0,0,266,-155,-275
2395,-0.157910153269768,0.157910153269768,10.3981447219849,0,0,0,262,-155,-277
2396,-0.148339852690697,0.181835934519768,10.3790044784546,0,0,0,263,-155,-275
2397,-0.148339852690697,0.186621099710464,10.3885746002197,0,0,0,262,-154,-273
2398,-0.162695318460464,0.172265633940697,10.3933591842651,0,0,0,264,-154,-273
2399,-0.148339852690697,0.181835934519768,10.3837890625,0,0,0,264,-153,-273
2400,-0.162695318460464,0.172265633940697,10.3837890625,0,0,0,262,-150,-273
2401,-0.162695318460464,0.177050784230232,10.4029302597046,0,0,0,261,-150,-276
2402,-0.153125002980232,0.181835934519768,10.3981447219849,0,0,0,262,-151,-276
2403,-0.153125002980232,0.177050784230232,10.3933591842651,0,0,0,266,-152,-273
2404,-0.162695318460464,0.181835934519768,10.3885746002197,0,0,0,264,-155,-277
2405,-0.153125002980232,0.177050784230232,10.35986328125,0,0,0,263,-157,-277
2406,-0.148339852690697,0.172265633940697,10.40771484375,0,0,0,264,-159,-276
2407,-0.153125002980232,0.162695318460464,10.4029302597046,0,0,0,264,-154,-276
2408,-0.157910153269768,0.16748046875,10.3981447219849,0,0,0,264,-153,-277
2409,-0.157910153269768,0.181835934519768,10.3933591842651,0,0,0,264,-154,-278
2410,-0.153125002980232,0.177050784230232,10.40771484375,0,0,0,266,-157,-279
2411,-0.1435546875,0.172265633940697,10.4220705032349,0,0,0,265,-156,-276
2412,-0.157910153269768,0.181835934519768,10.3981447219849,0,0,0,263,-156,-274
2413,-0.153125002980232,0.172265633940697,10.3837890625,0,0,0,265,-156,-276
2414,-0.162695318460464,0.16748046875,10.3933591842651,0,0,0,263,-155,-277
2415,-0.157910153269768,0.177050784230232,10.4029302597046,0,0,0,264,-156,-276
2416,-0.148339852690697,0.177050784230232,10.3981447219849,0,0,0,264,-156,-276
2417,-0.138769537210464,0.16748046875,10.3837890625,0,0,0,260,-157,-275
2418,-0.148339852690697,0.181835934519768,10.4029302597046,0,0,0,263,-156,-277
2419,-0.162695318460464,0.177050784230232,10.4029302597046,0,0,0,263,-157,-276
2420,-0.157910153269768,0.177050784230232,10.4029302597046,0,0,0,262,-155,-275
2421,-0.153125002980232,0.172265633940697,10.3837890625,0,0,0,264,-158,-278
2422,-0.16748046875,0.16748046875,10.3837890625,0,0,0,262,-154,-278
2423,-0.157910153269768,0.186621099710464,10.3885746002197,0,0,0,262,-156,-276
2424,-0.16748046875,0.200976565480232,10.3885746002197,0,0,0,265,-156,-275
2425,-0.157910153269768,0.177050784230232,10.3837890625,0,0,0,265,-156,-274
2426,-0.181835934519768,0.172265633940697,10.40771484375,0,0,0,267,-153,-273
2427,-0.153125002980232,0.16748046875,10.3837890625,0,0,0,269,-154,-273
2428,-0.148339852690697,0.16748046875,10.4029302597046,0,0,0,267,-154,-277
2429,-0.153125002980232,0.177050784230232,10.40771484375,0,0,0,266,-155,-273
2430,-0.157910153269768,0.181835934519768,10.3933591842651,0,0,0,266,-155,-275
2431,-0.162695318460464,0.172265633940697,10.3837890625,0,0,0,264,-154,-276
2432,-0.148339852690697,0.186621099710464,10.3933591842651,0,0,0,263,-154,-275
2433,-0.153125002980232,0.181835934519768,10.3694334030151,0,0,0,264,-156,-276
2434,-0.157910153269768,0.172265633940697,10.3981447219849,0,0,0,264,-157,-276
2435,-0.157910153269768,0.162695318460464,10.3933591842651,0,0,0,264,-156,-276
2436,-0.153125002980232,0.172265633940697,10.4172849655151,0,0,0,269,-157,-275
2437,-0.153125002980232,0.186621099710464,10.3981447219849,0,0,0,267,-156,-277
2438,-0.162695318460464,0.186621099710464,10.4172849655151,0,0,0,264,-154,-277
2439,-0.16748046875,0.186621099710464,10.40771484375,0,0,0,264,-152,-276
2440,-0.157910153269768,0.181835934519768,10.3933591842651,0,0,0,264,-153,-276
2441,-0.16748046875,0.19140625,10.4125003814697,0,0,0,264,-153,-275
2442,-0.162695318460464,0.16748046875,10.3790044784546,0,0,0,269,-157,-273
2443,-0.162695318460464,0.172265633940697,10.3933591842651,0,0,0,266,-153,-276
2444,-0.16748046875,0.157910153269768,10.3981447219849,0,0,0,267,-153,-279
2445,-0.16748046875,0.181835934519768,10.3885746002197,0,0,0,265,-153,-278
2446,-0.148339852690697,0.181835934519768,10.3885746002197,0,0,0,262,-155,-275
2447,-0.1435546875,0.172265633940697,10.3837890625,0,0,0,261,-156,-275
2448,-0.157910153269768,0.19140625,10.3837890625,0,0,0,261,-152,-275
2449,-0.138769537210464,0.177050784230232,10.4125003814697,0,0,0,264,-153,-277
2450,-0.138769537210464,0.172265633940697,10.4029302597046,0,0,0,263,-154,-278
2451,-0.153125002980232,0.186621099710464,10.3933591842651,0,0,0,265,-157,-272
2452,-0.162695318460464,0.177050784230232,10.3933591842651,0,0,0,267,-157,-272
2453,-0.157910153269768,0.177050784230232,10.3837890625,0,0,0,268,-153,-275
2454,-0.157910153269768,0.16748046875,10.3885746002197,0,0,0,267,-153,-268
2455,-0.1435546875,0.153125002980232,10.3933591842651,0,0,0,264,-157,-268
2456,-0.153125002980232,0.177050784230232,10.3885746002197,0,0,0,260,-158,-273
2457,-0.148339852690697,0.172265633940697,10.4125003814697,0,0,0,265,-157,-270
2458,-0.162695318460464,0.177050784230232,10.3981447219849,0,0,0,264,-154,-273
2459,-0.148339852690697,0.177050784230232,10.4268560409546,0,0,0,262,-155,-274
2460,-0.162695318460464,0.16748046875,10.3981447219849,0,0,0,262,-155,-275
2461,-0.153125002980232,0.172265633940697,10.40771484375,0,0,0,263,-154,-274
2462,-0.153125002980232,0.181835934519768,10.3933591842651,0,0,0,264,-154,-274
2463,-0.162695318460464,0.177050784230232,10.3933591842651,0,0,0,261,-150,-272
2464,-0.157910153269768,0.181835934519768,10.3981447219849,0,0,0,262,-153,-274
2465,-0.157910153269768,0.186621099710464,10.3790044784546,0,0,0,265,-152,-276
2466,-0.153125002980232,0.16748046875,10.40771484375,0,0,0,269,-154,-273
2467,-0.153125002980232,0.186621099710464,10.3981447219849,0,0,0,267,-155,-272
2468,-0.162695318460464,0.177050784230232,10.40771484375,0,0,0,263,-153,-273
2469,-0.162695318460464,0.181835934519768,10.4029302597046,0,0,0,261,-153,-274
2470,-0.148339852690697,0.172265633940697,10.4125003814697,0,0,0,264,-153,-275
2471,-0.157910153269768,0.181835934519768,10.3790044784546,0,0,0,266,-153,-274
2472,-0.153125002980232,0.186621099710464,10.4029302597046,0,0,0,263,-151,-273
2473,-0.162695318460464,0.181835934519768,10.3981447219849,0,0,0,260,-150,-275
2474,-0.16748046875,0.181835934519768,10.3837890625,0,0,0,261,-153,-273
2475,-0.138769537210464,0.181835934519768,10.3885746002197,0,0,0,263,-154,-277
2476,-0.162695318460464,0.177050784230232,10.3981447219849,0,0,0,263,-153,-277
2477,-0.162695318460464,0.181835934519768,10.3981447219849,0,0,0,264,-156,-276
2478,-0.153125002980232,0.177050784230232,10.3933591842651,0,0,0,259,-158,-274
2479,-0.162695318460464,0.172265633940697,10.4029302597046,0,0,0,260,-157,-274
2480,-0.1435546875,0.181835934519768,10.3981447219849,0,0,0,261,-154,-274
2481,-0.1435546875,0.177050784230232,10.3885746002197,0,0,0,265,-150,-274
2482,-0.157910153269768,0.172265633940697,10.3837890625,0,0,0,266,-155,-276
2483,-0.157910153269768,0.172265633940697,10.40771484375,0,0,0,266,-155,-276
2484,-0.148339852690697,0.186621099710464,10.40771484375,0,0,0,264,-153,-277
2485,-0.162695318460464,0.181835934519768,10.3837890625,0,0,0,264,-153,-273
2486,-0.157910153269768,0.19140625,10.3933591842651,0,0,0,269,-152,-263
2487,-0.157910153269768,0.16748046875,10.3885746002197,0,0,0,266,-149,-266
2488,-0.162695318460464,0.186621099710464,10.40771484375,0,0,0,266,-150,-271
2489,-0.1435546875,0.181835934519768,10.3885746002197,0,0,0,266,-152,-272
2490,-0.153125002980232,0.162695318460464,10.3981447219849,0,0,0,267,-156,-271
2491,-0.157910153269768,0.172265633940697,10.3790044784546,0,0,0,264,-157,-272
2492,-0.153125002980232,0.16748046875,10.4029302597046,0,0,0,260,-154,-275
2493,-0.162695318460464,0.181835934519768,10.3981447219849,0,0,0,260,-154,-275
2494,-0.148339852690697,0.16748046875,10.4125003814697,0,0,0,261,-157,-276
2495,-0.153125002980232,0.177050784230232,10.3981447219849,0,0,0,263,-155,-273
2496,-0.148339852690697,0.181835934519768,10.4029302597046,0,0,0,266,-150,-271
2497,-0.148339852690697,0.181835934519768,10.3837890625,0,0,0,264,-154,-274
2498,-0.157910153269768,0.181835934519768,10.3790044784546,0,0,0,263,-155,-276
2499,-0.16748046875,0.172265633940697,10.3742189407349,0,0,0,265,-155,-277
2500,-0.162695318460464,0.162695318460464,10.4172849655151,0,0,0,264,-155,-279
2501,-0.157910153269768,0.16748046875,10.4268560409546,0,0,0,267,-157,-281
2502,-0.172265633940697,0.181835934519768,10.4125003814697,0,0,0,263,-159,-276
2503,-0.153125002980232,0.19140625,10.4029302597046,0,0,0,265,-157,-276
2504,-0.153125002980232,0.172265633940697,10.3933591842651,0,0,0,269,-157,-270
2505,-0.162695318460464,0.196191415190697,10.3790044784546,0,0,0,269,-159,-272
2506,-0.157910153269768,0.186621099710464,10.3933591842651,0,0,0,268,-156,-270
2507,-0.153125002980232,0.186621099710464,10.3933591842651,0,0,0,268,-156,-273
2508,-0.157910153269768,0.177050784230232,10.3981447219849,0,0,0,267,-154,-273
2509,-0.153125002980232,0.177050784230232,10.3933591842651,0,0,0,266,-154,-277
2510,-0.157910153269768,0.172265633940697,10.3933591842651,0,0,0,266,-156,-276
2511,-0.157910153269768,0.177050784230232,10.3790044784546,0,0,0,262,-152,-275
2512,-0.157910153269768,0.16748046875,10.3790044784546,0,0,0,263,-153,-275
2513,-0.157910153269768,0.172265633940697,10.3790044784546,0,0,0,264,-154,-274
2514,-0.172265633940697,0.16748046875,10.3837890625,0,0,0,266,-155,-275
2515,-0.157910153269768,0.186621099710464,10.40771484375,0,0,0,268,-155,-275
2516,-0.153125002980232,0.177050784230232,10.4172849655151,0,0,0,265,-154,-276
2517,-0.157910153269768,0.186621099710464,10.3933591842651,0,0,0,263,-155,-273
2518,-0.162695318460464,0.181835934519768,10.4029302597046,0,0,0,260,-157,-275
2519,-0.162695318460464,0.181835934519768,10.4029302597046,0,0,0,263,-156,-276
2520,-0.153125002980232,0.172265633940697,10.3837890625,0,0,0,265,-157,-277
2521,-0.153125002980232,0.181835934519768,10.3885746002197,0,0,0,268,-154,-270
2522,-0.162695318460464,0.186621099710464,10.4029302597046,0,0,0,265,-158,-269
2523,-0.153125002980232,0.157910153269768,10.3933591842651,0,0,0,264,-157,-275
2524,-0.157910153269768,0.172265633940697,10.3837890625,0,0,0,263,-152,-276
2525,-0.162695318460464,0.172265633940697,10.3933591842651,0,0,0,264,-153,-276
2526,-0.162695318460464,0.177050784230232,10.3933591842651,0,0,0,263,-154,-278
2527,-0.153125002980232,0.181835934519768,10.3933591842651,0,0,0,264,-155,-277
2528,-0.162695318460464,0.172265633940697,10.3981447219849,0,0,0,266,-155,-277
2529,-0.138769537210464,0.16748046875,10.4125003814697,0,0,0,262,-156,-274
2530,-0.16748046875,0.181835934519768,10.3837890625,0,0,0,262,-156,-274
2531,-0.153125002980232,0.181835934519768,10.3981447219849,0,0,0,265,-157,-274
2532,-0.157910153269768,0.181835934519768,10.3885746002197,0,0,0,264,-159,-275
2533,-0.153125002980232,0.181835934519768,10.3837890625,0,0,0,264,-159,-276
2534,-0.153125002980232,0.172265633940697,10.4220705032349,0,0,0,264,-158,-274
2535,-0.148339852690697,0.177050784230232,10.3837890625,0,0,0,262,-154,-272
2536,-0.157910153269768,0.177050784230232,10.3837890625,0,0,0,263,-155,-273
2537,-0.148339852690697,0.177050784230232,10.3933591842651,0,0,0,264,-155,-275
2538,-0.157910153269768,0.16748046875,10.3885746002197,0,0,0,264,-153,-275
2539,-0.148339852690697,0.186621099710464,10.4172849655151,0,0,0,264,-154,-275
2540,-0.138769537210464,0.186621099710464,10.4268560409546,0,0,0,263,-153,-276
2541,-0.162695318460464,0.16748046875,10.3790044784546,0,0,0,261,-155,-276
2542,-0.148339852690697,0.19140625,10.3837890625,0,0,0,260,-154,-277
2543,-0.162695318460464,0.177050784230232,10.4029302597046,0,0,0,264,-154,-275
2544,-0.16748046875,0.172265633940697,10.4125003814697,0,0,0,267,-155,-275
2545,-0.153125002980232,0.19140625,10.4172849655151,0,0,0,267,-155,-274
2546,-0.148339852690697,0.186621099710464,10.3790044784546,0,0,0,265,-153,-279
2547,-0.162695318460464,0.172265633940697,10.40771484375,0,0,0,267,-154,-279
2548,-0.138769537210464,0.186621099710464,10.3885746002197,0,0,0,262,-154,-277
2549,-0.148339852690697,0.16748046875,10.40771484375,0,0,0,263,-153,-276
2550,-0.148339852690697,0.181835934519768,10.3981447219849,0,0,0,264,-153,-275
2550,-0.162695318460464,0.177050784230232,10.4029302597046,0,0,0,264,-154,-274
2551,-0.172265633940697,0.177050784230232,10.3933591842651,0,0,0,262,-154,-275
2552,-0.148339852690697,0.196191415190697,10.3885746002197,0,0,0,266,-155,-275
2553,-0.153125002980232,0.177050784230232,10.3933591842651,0,0,0,266,-157,-278
2554,-0.1435546875,0.177050784230232,10.3837890625,0,0,0,266,-156,-274
2555,-0.16748046875,0.172265633940697,10.3885746002197,0,0,0,263,-157,-277
2556,-0.148339852690697,0.177050784230232,10.4268560409546,0,0,0,262,-157,-278
2557,-0.162695318460464,0.181835934519768,10.40771484375,0,0,0,263,-157,-275
2558,-0.157910153269768,0.19140625,10.3933591842651,0,0,0,262,-155,-276
2559,-0.1435546875,0.16748046875,10.4268560409546,0,0,0,266,-153,-274
2560,-0.157910153269768,0.177050784230232,10.4029302597046,0,0,0,265,-155,-268
2561,-0.16748046875,0.177050784230232,10.40771484375,0,0,0,269,-157,-270
2562,-0.153125002980232,0.177050784230232,10.3837890625,0,0,0,267,-156,-275
2563,-0.153125002980232,0.16748046875,10.3933591842651,0,0,0,267,-156,-277
2564,-0.153125002980232,0.19140625,10.3885746002197,0,0,0,267,-153,-273
2565,-0.1435546875,0.186621099710464,10.4029302597046,0,0,0,265,-154,-273
2566,-0.162695318460464,0.181835934519768,10.3981447219849,0,0,0,264,-153,-274
2567,-0.148339852690697,0.181835934519768,10.3933591842651,0,0,0,267,-149,-272
2568,-0.16748046875,0.177050784230232,10.3885746002197,0,0,0,266,-150,-275
2569,-0.157910153269768,0.172265633940697,10.3885746002197,0,0,0,266,-150,-275
2570,-0.162695318460464,0.162695318460464,10.3933591842651,0,0,0,265,-151,-276
2571,-0.153125002980232,0.19140625,10.3694334030151,0,0,0,267,-154,-274
2572,-0.16748046875,0.186621099710464,10.3933591842651,0,0,0,267,-153,-275
2573,-0.162695318460464,0.172265633940697,10.3694334030151,0,0,0,267,-154,-275
2574,-0.148339852690697,0.181835934519768,10.3885746002197,0,0,0,265,-157,-272
2575,-0.162695318460464,0.16748046875,10.3837890625,0,0,0,265,-155,-276
2576,-0.157910153269768,0.162695318460464,10.3933591842651,0,0,0,266,-154,-278
2577,-0.153125002980232,0.177050784230232,10.3885746002197,0,0,0,265,-158,-279
2578,-0.162695318460464,0.172265633940697,10.40771484375,0,0,0,263,-157,-279
2579,-0.153125002980232,0.186621099710464,10.3885746002197,0,0,0,264,-152,-281
2580,-0.1435546875,0.162695318460464,10.4029302597046,0,0,0,267,-151,-279
2581,-0.157910153269768,0.172265633940697,10.3933591842651,0,0,0,262,-152,-277
2582,-0.1435546875,0.196191415190697,10.3933591842651,0,0,0,258,-152,-273
2583,-0.157910153269768,0.177050784230232,10.3790044784546,0,0,0,258,-156,-273
2584,-0.148339852690697,0.172265633940697,10.3885746002197,0,0,0,258,-154,-276
2585,-0.153125002980232,0.16748046875,10.4029302597046,0,0,0,265,-159,-266
2586,-0.153125002980232,0.172265633940697,10.3885746002197,0,0,0,269,-157,-272
2587,-0.148339852690697,0.172265633940697,10.3790044784546,0,0,0,266,-156,-275
2588,-0.153125002980232,0.181835934519768,10.3885746002197,0,0,0,262,-157,-272
2589,-0.148339852690697,0.16748046875,10.3694334030151,0,0,0,261,-157,-275
2590,-0.138769537210464,0.19140625,10.3933591842651,0,0,0,261,-156,-276
2591,-0.162695318460464,0.162695318460464,10.3694334030151,0,0,0,266,-149,-272
2592,-0.148339852690697,0.172265633940697,10.3837890625,0,0,0,267,-152,-275
2593,-0.157910153269768,0.16748046875,10.3837890625,0,0,0,266,-153,-276
2594,-0.1435546875,0.172265633940697,10.3933591842651,0,0,0,263,-153,-277
2595,-0.148339852690697,0.177050784230232,10.3981447219849,0,0,0,265,-152,-276
2596,-0.153125002980232,0.172265633940697,10.3933591842651,0,0,0,265,-154,-275
2597,-0.153125002980232,0.172265633940697,10.3981447219849,0,0,0,262,-156,-273
2598,-0.157910153269768,0.162695318460464,10.3694334030151,0,0,0,260,-158,-273
2599,-0.157910153269768,0.181835934519768,10.3790044784546,0,0,0,261,-158,-273
2600,-0.148339852690697,0.19140625,10.40771484375,0,0,0,265,-156,-271
2601,-0.162695318460464,0.177050784230232,10.40771484375,0,0,0,263,-156,-272
2602,-0.162695318460464,0.186621099710464,10.3790044784546,0,0,0,263,-152,-273
2603,-0.153125002980232,0.19140625,10.4125003814697,0,0,0,263,-156,-275
2604,-0.16748046875,0.177050784230232,10.3646488189697,0,0,0,265,-154,-277
2605,-0.148339852690697,0.172265633940697,10.3981447219849,0,0,0,267,-152,-278
2606,-0.153125002980232,0.177050784230232,10.3933591842651,0,0,0,264,-148,-270
2607,-0.162695318460464,0.196191415190697,10.3790044784546,0,0,0,265,-151,-271
2608,-0.157910153269768,0.181835934519768,10.3981447219849,0,0,0,263,-148,-275
2609,-0.153125002980232,0.181835934519768,10.3837890625,0,0,0,266,-155,-272
2610,-0.153125002980232,0.177050784230232,10.4029302597046,0,0,0,267,-157,-276
2611,-0.172265633940697,0.172265633940697,10.3790044784546,0,0,0,264,-155,-277
2612,-0.162695318460464,0.181835934519768,10.4029302597046,0,0,0,263,-154,-275
2613,-0.153125002980232,0.177050784230232,10.3885746002197,0,0,0,263,-155,-275
2614,-0.153125002980232,0.181835934519768,10.3885746002197,0,0,0,265,-157,-276
2615,-0.157910153269768,0.181835934519768,10.3837890625,0,0,0,268,-151,-270
2616,-0.157910153269768,0.172265633940697,10.3790044784546,0,0,0,268,-154,-271
2617,-0.1435546875,0.181835934519768,10.3837890625,0,0,0,268,-152,-275
2618,-0.157910153269768,0.172265633940697,10.3933591842651,0,0,0,268,-154,-275
2619,-0.153125002980232,0.16748046875,10.3885746002197,0,0,0,266,-157,-275
2620,-0.138769537210464,0.177050784230232,10.4029302597046,0,0,0,264,-158,-273
2621,-0.153125002980232,0.16748046875,10.40771484375,0,0,0,260,-156,-273
2622,-0.153125002980232,0.186621099710464,10.3837890625,0,0,0,259,-153,-273
2623,-0.162695318460464,0.16748046875,10.3742189407349,0,0,0,260,-151,-271
2624,-0.153125002980232,0.181835934519768,10.3837890625,0,0,0,264,-154,-275
2625,-0.162695318460464,0.16748046875,10.4172849655151,0,0,0,263,-152,-279
2626,-0.138769537210464,0.177050784230232,10.4220705032349,0,0,0,263,-153,-279
2627,-0.153125002980232,0.181835934519768,10.3837890625,0,0,0,264,-153,-278
2628,-0.157910153269768,0.172265633940697,10.3742189407349,0,0,0,267,-154,-275
2629,-0.157910153269768,0.172265633940697,10.4125003814697,0,0,0,265,-156,-275
2630,-0.153125002980232,0.177050784230232,10.3981447219849,0,0,0,265,-157,-275
2631,-0.153125002980232,0.172265633940697,10.3933591842651,0,0,0,265,-157,-274
2632,-0.157910153269768,0.172265633940697,10.3742189407349,0,0,0,265,-157,-276
2633,-0.153125002980232,0.181835934519768,10.3837890625,0,0,0,265,-157,-276
2634,-0.16748046875,0.177050784230232,10.3933591842651,0,0,0,263,-155,-276
2635,-0.153125002980232,0.177050784230232,10.3885746002197,0,0,0,265,-155,-278
2636,-0.153125002980232,0.16748046875,10.3790044784546,0,0,0,265,-155,-278
2637,-0.162695318460464,0.181835934519768,10.3790044784546,0,0,0,263,-153,-275
2638,-0.157910153269768,0.16748046875,10.40771484375,0,0,0,263,-155,-277
2639,-0.1435546875,0.181835934519768,10.3646488189697,0,0,0,264,-155,-279
2640,-0.157910153269768,0.19140625,10.3981447219849,0,0,0,265,-154,-274
2641,-0.162695318460464,0.172265633940697,10.3981447219849,0,0,0,266,-157,-276
2642,-0.1435546875,0.172265633940697,10.3981447219849,0,0,0,265,-155,-274
2643,-0.1435546875,0.186621099710464,10.3981447219849,0,0,0,268,-155,-276
2644,-0.1435546875,0.177050784230232,10.3646488189697,0,0,0,268,-155,-279
2645,-0.153125002980232,0.181835934519768,10.3981447219849,0,0,0,266,-154,-276
2646,-0.148339852690697,0.177050784230232,10.3837890625,0,0,0,265,-152,-277
2647,-0.157910153269768,0.19140625,10.3790044784546,0,0,0,267,-156,-279
2648,-0.162695318460464,0.196191415190697,10.4125003814697,0,0,0,261,-153,-279
2649,-0.148339852690697,0.177050784230232,10.3885746002197,0,0,0,264,-153,-278
2650,-0.162695318460464,0.181835934519768,10.3933591842651,0,0,0,264,-154,-279
2651,-0.16748046875,0.16748046875,10.3790044784546,0,0,0,264,-150,-279
2652,-0.1435546875,0.186621099710464,10.4220705032349,0,0,0,264,-154,-280
2653,-0.153125002980232,0.19140625,10.4029302597046,0,0,0,266,-153,-277
2654,-0.157910153269768,0.19140625,10.3790044784546,0,0,0,265,-156,-278
2655,-0.1435546875,0.177050784230232,10.3694334030151,0,0,0,265,-155,-279
2656,-0.148339852690697,0.19140625,10.3837890625,0,0,0,265,-157,-277
2657,-0.153125002980232,0.177050784230232,10.3837890625,0,0,0,264,-156,-275
2658,-0.172265633940697,0.157910153269768,10.3885746002197,0,0,0,268,-158,-273
2659,-0.157910153269768,0.177050784230232,10.3885746002197,0,0,0,263,-155,-276
2660,-0.162695318460464,0.177050784230232,10.4029302597046,0,0,0,266,-157,-276
2661,-0.148339852690697,0.177050784230232,10.3694334030151,0,0,0,261,-157,-277
2662,-0.1435546875,0.177050784230232,10.3981447219849,0,0,0,260,-156,-276
2663,-0.157910153269768,0.181835934519768,10.3837890625,0,0,0,263,-153,-277
2664,-0.157910153269768,0.186621099710464,10.3742189407349,0,0,0,262,-153,-275
2665,-0.16748046875,0.19140625,10.3790044784546,0,0,0,264,-155,-273
2666,-0.153125002980232,0.16748046875,10.3646488189697,0,0,0,265,-156,-275
2667,-0.1435546875,0.177050784230232,10.4220705032349,0,0,0,266,-155,-277
2668,-0.148339852690697,0.181835934519768,10.3837890625,0,0,0,265,-156,-276
2669,-0.157910153269768,0.181835934519768,10.3933591842651,0,0,0,265,-154,-274
2670,-0.157910153269768,0.181835934519768,10.4172849655151,0,0,0,265,-155,-272
2671,-0.153125002980232,0.177050784230232,10.3885746002197,0,0,0,264,-156,-276
2672,-0.157910153269768,0.181835934519768,10.4172849655151,0,0,0,264,-156,-276
2673,-0.162695318460464,0.181835934519768,10.3837890625,0,0,0,267,-151,-272
2674,-0.157910153269768,0.172265633940697,10.40771484375,0,0,0,268,-154,-275
2675,-0.1435546875,0.172265633940697,10.4029302597046,0,0,0,267,-156,-277
2676,-0.157910153269768,0.181835934519768,10.3742189407349,0,0,0,266,-155,-277
2677,-0.148339852690697,0.177050784230232,10.3933591842651,0,0,0,264,-155,-277
2678,-0.148339852690697,0.172265633940697,10.4029302597046,0,0,0,265,-156,-280
2679,-0.162695318460464,0.177050784230232,10.3885746002197,0,0,0,264,-154,-280
2680,-0.148339852690697,0.172265633940697,10.3981447219849,0,0,0,262,-152,-277
2681,-0.157910153269768,0.196191415190697,10.4029302597046,0,0,0,262,-153,-276
2682,-0.162695318460464,0.172265633940697,10.3837890625,0,0,0,261,-152,-277
2683,-0.153125002980232,0.172265633940697,10.3933591842651,0,0,0,261,-153,-280
2684,-0.162695318460464,0.177050784230232,10.3981447219849,0,0,0,261,-154,-279
2685,-0.157910153269768,0.181835934519768,10.3742189407349,0,0,0,256,-156,-275
2686,-0.162695318460464,0.177050784230232,10.4220705032349,0,0,0,262,-156,-275
2687,-0.1435546875,0.177050784230232,10.3933591842651,0,0,0,264,-158,-274
2688,-0.153125002980232,0.19140625,10.3694334030151,0,0,0,264,-156,-276
2689,-0.148339852690697,0.172265633940697,10.3933591842651,0,0,0,264,-154,-276
2690,-0.16748046875,0.186621099710464,10.40771484375,0,0,0,262,-155,-273
2691,-0.162695318460464,0.172265633940697,10.3933591842651,0,0,0,262,-152,-271
2692,-0.162695318460464,0.186621099710464,10.3981447219849,0,0,0,264,-153,-272
2693,-0.153125002980232,0.177050784230232,10.3885746002197,0,0,0,262,-154,-272
2694,-0.162695318460464,0.181835934519768,10.4029302597046,0,0,0,259,-154,-269
2695,-0.148339852690697,0.181835934519768,10.4125003814697,0,0,0,262,-152,-270
2696,-0.157910153269768,0.172265633940697,10.3694334030151,0,0,0,263,-155,-274
2697,-0.153125002980232,0.16748046875,10.3742189407349,0,0,0,264,-155,-269
2698,-0.172265633940697,0.172265633940697,10.4029302597046,0,0,0,262,-156,-276
2699,-0.153125002980232,0.177050784230232,10.3981447219849,0,0,0,263,-156,-277
2700,-0.153125002980232,0.181835934519768,10.3933591842651,0,0,0,263,-154,-277
2701,-0.157910153269768,0.177050784230232,10.3885746002197,0,0,0,264,-153,-277
2702,-0.153125002980232,0.186621099710464,10.3933591842651,0,0,0,265,-155,-275
2703,-0.162695318460464,0.172265633940697,10.3981447219849,0,0,0,262,-152,-273
2704,-0.153125002980232,0.172265633940697,10.3742189407349,0,0,0,265,-155,-272
2705,-0.157910153269768,0.186621099710464,10.3742189407349,0,0,0,266,-154,-271
2706,-0.1435546875,0.16748046875,10.3837890625,0,0,0,263,-156,-272
2707,-0.162695318460464,0.162695318460464,10.3742189407349,0,0,0,257,-153,-266
2708,-0.162695318460464,0.196191415190697,10.4029302597046,0,0,0,260,-153,-271
2709,-0.153125002980232,0.19140625,10.3790044784546,0,0,0,260,-157,-272
2710,-0.148339852690697,0.19140625,10.4029302597046,0,0,0,262,-155,-277
2711,-0.153125002980232,0.177050784230232,10.3837890625,0,0,0,264,-156,-277
2712,-0.153125002980232,0.181835934519768,10.4172849655151,0,0,0,265,-151,-274
2713,-0.153125002980232,0.177050784230232,10.3790044784546,0,0,0,265,-154,-276
2714,-0.148339852690697,0.177050784230232,10.3742189407349,0,0,0,264,-155,-277
2715,-0.148339852690697,0.19140625,10.3933591842651,0,0,0,264,-155,-275
2716,-0.157910153269768,0.16748046875,10.3933591842651,0,0,0,263,-155,-274
2717,-0.16748046875,0.186621099710464,10.3885746002197,0,0,0,264,-155,-274
2718,-0.157910153269768,0.186621099710464,10.3981447219849,0,0,0,260,-155,-273
2719,-0.162695318460464,0.177050784230232,10.3837890625,0,0,0,263,-154,-274
2720,-0.153125002980232,0.172265633940697,10.4125003814697,0,0,0,267,-153,-273
2721,-0.157910153269768,0.172265633940697,10.3981447219849,0,0,0,266,-154,-272
2722,-0.162695318460464,0.177050784230232,10.4029302597046,0,0,0,267,-154,-275
2723,-0.172265633940697,0.16748046875,10.35986328125,0,0,0,264,-153,-275
2724,-0.157910153269768,0.177050784230232,10.3933591842651,0,0,0,261,-154,-277
2725,-0.1435546875,0.196191415190697,10.3694334030151,0,0,0,264,-156,-276
2726,-0.162695318460464,0.16748046875,10.3790044784546,0,0,0,264,-156,-277
2727,-0.157910153269768,0.172265633940697,10.4029302597046,0,0,0,265,-155,-273
2728,-0.1435546875,0.172265633940697,10.40771484375,0,0,0,265,-154,-276
2729,-0.153125002980232,0.181835934519768,10.3885746002197,0,0,0,263,-156,-277
2730,-0.157910153269768,0.153125002980232,10.3837890625,0,0,0,263,-155,-276
2731,-0.172265633940697,0.16748046875,10.3837890625,0,0,0,267,-155,-276
2732,-0.157910153269768,0.172265633940697,10.3981447219849,0,0,0,264,-156,-275
2733,-0.157910153269768,0.177050784230232,10.4029302597046,0,0,0,263,-159,-273
2734,-0.157910153269768,0.181835934519768,10.3981447219849,0,0,0,264,-158,-276
2735,-0.162695318460464,0.16748046875,10.4125003814697,0,0,0,263,-157,-278
2736,-0.157910153269768,0.172265633940697,10.40771484375,0,0,0,262,-159,-278
2737,-0.153125002980232,0.16748046875,10.3933591842651,0,0,0,262,-155,-275
2738,-0.153125002980232,0.181835934519768,10.3837890625,0,0,0,261,-154,-277
2739,-0.1435546875,0.186621099710464,10.3837890625,0,0,0,264,-157,-278
2740,-0.148339852690697,0.172265633940697,10.3837890625,0,0,0,263,-154,-274
2741,-0.157910153269768,0.172265633940697,10.3694334030151,0,0,0,267,-155,-276
2742,-0.153125002980232,0.162695318460464,10.3837890625,0,0,0,264,-156,-272
2743,-0.153125002980232,0.16748046875,10.3885746002197,0,0,0,263,-154,-272
2744,-0.157910153269768,0.16748046875,10.4029302597046,0,0,0,263,-155,-275
2745,-0.172265633940697,0.177050784230232,10.3885746002197,0,0,0,262,-154,-274
2746,-0.153125002980232,0.177050784230232,10.3981447219849,0,0,0,264,-154,-274
2747,-0.157910153269768,0.181835934519768,10.40771484375,0,0,0,265,-154,-275
2748,-0.157910153269768,0.172265633940697,10.3837890625,0,0,0,264,-154,-275
2749,-0.172265633940697,0.16748046875,10.3694334030151,0,0,0,262,-153,-275
2750,-0.148339852690697,0.181835934519768,10.3742189407349,0,0,0,265,-154,-279
2751,-0.16748046875,0.186621099710464,10.3790044784546,0,0,0,262,-156,-277
2752,-0.16748046875,0.16748046875,10.3742189407349,0,0,0,263,-153,-276
2753,-0.157910153269768,0.181835934519768,10.3790044784546,0,0,0,262,-154,-277
2754,-0.153125002980232,0.186621099710464,10.4125003814697,0,0,0,264,-156,-274
2755,-0.162695318460464,0.181835934519768,10.3981447219849,0,0,0,264,-157,-273
2756,-0.153125002980232,0.177050784230232,10.3981447219849,0,0,0,267,-153,-272
2757,-0.157910153269768,0.186621099710464,10.3933591842651,0,0,0,265,-155,-273
2758,-0.1435546875,0.186621099710464,10.3790044784546,0,0,0,265,-156,-273
2759,-0.153125002980232,0.16748046875,10.3981447219849,0,0,0,264,-158,-275
2760,-0.157910153269768,0.172265633940697,10.3837890625,0,0,0,266,-157,-275
2761,-0.157910153269768,0.181835934519768,10.3885746002197,0,0,0,266,-158,-273
2762,-0.162695318460464,0.177050784230232,10.3742189407349,0,0,0,264,-159,-273
2763,-0.16748046875,0.177050784230232,10.3694334030151,0,0,0,264,-158,-276
2764,-0.153125002980232,0.162695318460464,10.3837890625,0,0,0,263,-155,-277
2765,-0.162695318460464,0.177050784230232,10.3646488189697,0,0,0,265,-157,-277
2766,-0.157910153269768,0.162695318460464,10.3837890625,0,0,0,267,-156,-275
2767,-0.157910153269768,0.181835934519768,10.3742189407349,0,0,0,265,-156,-278
2768,-0.148339852690697,0.172265633940697,10.3742189407349,0,0,0,265,-154,-275
2769,-0.157910153269768,0.177050784230232,10.3885746002197,0,0,0,264,-151,-277
2770,-0.162695318460464,0.177050784230232,10.3885746002197,0,0,0,265,-150,-277
2771,-0.157910153269768,0.181835934519768,10.40771484375,0,0,0,264,-153,-276
2772,-0.153125002980232,0.172265633940697,10.3885746002197,0,0,0,264,-154,-278
2773,-0.177050784230232,0.172265633940697,10.3933591842651,0,0,0,264,-157,-278
2774,-0.153125002980232,0.172265633940697,10.3933591842651,0,0,0,263,-153,-276
2775,-0.16748046875,0.16748046875,10.3885746002197,0,0,0,264,-155,-278
2776,-0.153125002980232,0.16748046875,10.4029302597046,0,0,0,263,-153,-277
2777,-0.153125002980232,0.16748046875,10.3885746002197,0,0,0,262,-155,-279
2778,-0.1435546875,0.16748046875,10.3694334030151,0,0,0,264,-156,-275
2779,-0.157910153269768,0.181835934519768,10.3885746002197,0,0,0,264,-156,-273
2780,-0.172265633940697,0.186621099710464,10.3790044784546,0,0,0,265,-155,-271
2781,-0.1435546875,0.177050784230232,10.4125003814697,0,0,0,264,-153,-277
2782,-0.157910153269768,0.177050784230232,10.3933591842651,0,0,0,266,-154,-276
2783,-0.153125002980232,0.181835934519768,10.4029302597046,0,0,0,264,-154,-275
2784,-0.172265633940697,0.196191415190697,10.3694334030151,0,0,0,266,-153,-271
2785,-0.153125002980232,0.177050784230232,10.3550786972046,0,0,0,265,-155,-273
2786,-0.153125002980232,0.177050784230232,10.3742189407349,0,0,0,266,-153,-278
2787,-0.162695318460464,0.177050784230232,10.4125003814697,0,0,0,264,-155,-276
2788,-0.157910153269768,0.177050784230232,10.3694334030151,0,0,0,264,-155,-280
2789,-0.16748046875,0.181835934519768,10.3837890625,0,0,0,262,-155,-279
2790,-0.172265633940697,0.172265633940697,10.3933591842651,0,0,0,259,-155,-276
2791,-0.153125002980232,0.181835934519768,10.3837890625,0,0,0,262,-158,-277
2792,-0.162695318460464,0.177050784230232,10.3790044784546,0,0,0,265,-155,-279
2793,-0.157910153269768,0.172265633940697,10.3981447219849,0,0,0,266,-160,-276
2794,-0.148339852690697,0.181835934519768,10.3933591842651,0,0,0,265,-155,-277
2795,-0.148339852690697,0.172265633940697,10.3742189407349,0,0,0,265,-154,-278
2796,-0.148339852690697,0.177050784230232,10.4172849655151,0,0,0,264,-154,-278
2797,-0.157910153269768,0.172265633940697,10.3981447219849,0,0,0,263,-155,-279
2798,-0.157910153269768,0.186621099710464,10.3837890625,0,0,0,264,-155,-276
2799,-0.172265633940697,0.181835934519768,10.3885746002197,0,0,0,265,-153,-268
2800,-0.157910153269768,0.16748046875,10.3790044784546,0,0,0,267,-154,-274
2801,-0.153125002980232,0.181835934519768,10.3933591842651,0,0,0,266,-152,-279
2802,-0.148339852690697,0.177050784230232,10.3742189407349,0,0,0,265,-153,-279
2803,-0.16748046875,0.181835934519768,10.3790044784546,0,0,0,264,-156,-280
2804,-0.148339852690697,0.177050784230232,10.3790044784546,0,0,0,266,-154,-277
2805,-0.153125002980232,0.19140625,10.3933591842651,0,0,0,260,-159,-273
2805,-0.153125002980232,0.181835934519768,10.40771484375,0,0,0,262,-160,-274
2806,-0.1435546875,0.19140625,10.3837890625,0,0,0,262,-158,-275
2807,-0.157910153269768,0.172265633940697,10.3790044784546,0,0,0,265,-158,-271
2808,-0.148339852690697,0.181835934519768,10.3885746002197,0,0,0,263,-156,-270
2809,-0.157910153269768,0.177050784230232,10.3933591842651,0,0,0,263,-157,-274
2810,-0.148339852690697,0.181835934519768,10.3885746002197,0,0,0,263,-155,-275
2811,-0.162695318460464,0.172265633940697,10.3933591842651,0,0,0,262,-157,-278
2812,-0.16748046875,0.177050784230232,10.3694334030151,0,0,0,265,-157,-278
2813,-0.157910153269768,0.177050784230232,10.3742189407349,0,0,0,260,-156,-277
2814,-0.157910153269768,0.172265633940697,10.3837890625,0,0,0,261,-155,-277
2815,-0.153125002980232,0.177050784230232,10.3742189407349,0,0,0,260,-153,-277
2816,-0.16748046875,0.186621099710464,10.3933591842651,0,0,0,263,-154,-275
2817,-0.16748046875,0.181835934519768,10.4029302597046,0,0,0,263,-154,-275
2818,-0.153125002980232,0.177050784230232,10.4029302597046,0,0,0,263,-151,-276
2819,-0.162695318460464,0.172265633940697,10.3981447219849,0,0,0,262,-154,-274
2820,-0.157910153269768,0.16748046875,10.3790044784546,0,0,0,263,-154,-275
2821,-0.148339852690697,0.186621099710464,10.3694334030151,0,0,0,263,-153,-275
2822,-0.153125002980232,0.181835934519768,10.3790044784546,0,0,0,264,-152,-272
2823,-0.148339852690697,0.181835934519768,10.3694334030151,0,0,0,264,-155,-275
2824,-0.157910153269768,0.172265633940697,10.3933591842651,0,0,0,262,-156,-278
2825,-0.162695318460464,0.181835934519768,10.3790044784546,0,0,0,262,-157,-278
2826,-0.157910153269768,0.181835934519768,10.3790044784546,0,0,0,263,-156,-279
2827,-0.162695318460464,0.172265633940697,10.3933591842651,0,0,0,264,-156,-279
2828,-0.157910153269768,0.16748046875,10.3742189407349,0,0,0,261,-159,-276
2829,-0.16748046875,0.181835934519768,10.4125003814697,0,0,0,263,-158,-276
2830,-0.153125002980232,0.177050784230232,10.3790044784546,0,0,0,262,-158,-278
2831,-0.16748046875,0.200976565480232,10.3981447219849,0,0,0,266,-156,-273
2832,-0.148339852690697,0.177050784230232,10.3837890625,0,0,0,264,-153,-275
2833,-0.1435546875,0.16748046875,10.3933591842651,0,0,0,266,-155,-277
2834,-0.172265633940697,0.16748046875,10.3790044784546,0,0,0,264,-155,-277
2835,-0.16748046875,0.177050784230232,10.3742189407349,0,0,0,264,-153,-280
2836,-0.157910153269768,0.181835934519768,10.3981447219849,0,0,0,263,-154,-279
2837,-0.177050784230232,0.181835934519768,10.35986328125,0,0,0,260,-151,-276
2838,-0.162695318460464,0.16748046875,10.3981447219849,0,0,0,261,-156,-275
2839,-0.148339852690697,0.16748046875,10.4220705032349,0,0,0,262,-156,-277
2840,-0.153125002980232,0.186621099710464,10.3790044784546,0,0,0,263,-157,-273
2841,-0.172265633940697,0.172265633940697,10.3933591842651,0,0,0,263,-155,-276
2842,-0.162695318460464,0.186621099710464,10.3694334030151,0,0,0,263,-157,-276
2843,-0.162695318460464,0.186621099710464,10.3694334030151,0,0,0,262,-155,-274
2844,-0.162695318460464,0.177050784230232,10.3694334030151,0,0,0,265,-155,-275
2845,-0.162695318460464,0.172265633940697,10.3790044784546,0,0,0,265,-157,-278
2846,-0.157910153269768,0.172265633940697,10.3885746002197,0,0,0,269,-152,-275
2847,-0.16748046875,0.172265633940697,10.3981447219849,0,0,0,267,-153,-276
2848,-0.157910153269768,0.181835934519768,10.3933591842651,0,0,0,266,-154,-277
2849,-0.16748046875,0.177050784230232,10.3933591842651,0,0,0,267,-153,-278
2850,-0.153125002980232,0.186621099710464,10.40771484375,0,0,0,264,-156,-279
2851,-0.148339852690697,0.177050784230232,10.3885746002197,0,0,0,262,-154,-280
2852,-0.153125002980232,0.177050784230232,10.3885746002197,0,0,0,261,-154,-276
2853,-0.162695318460464,0.186621099710464,10.3837890625,0,0,0,262,-154,-277
2854,-0.157910153269768,0.162695318460464,10.35986328125,0,0,0,264,-154,-276
2855,-0.1435546875,0.19140625,10.3885746002197,0,0,0,265,-154,-275
2856,-0.157910153269768,0.186621099710464,10.3981447219849,0,0,0,265,-155,-272
2857,-0.148339852690697,0.181835934519768,10.3885746002197,0,0,0,265,-155,-274
2858,-0.148339852690697,0.177050784230232,10.3981447219849,0,0,0,266,-152,-274
2859,-0.138769537210464,0.177050784230232,10.3933591842651,0,0,0,265,-153,-274
2860,-0.157910153269768,0.181835934519768,10.3790044784546,0,0,0,264,-152,-273
2861,-0.157910153269768,0.172265633940697,10.3646488189697,0,0,0,263,-153,-275
2862,-0.1435546875,0.181835934519768,10.3837890625,0,0,0,264,-155,-277
2863,-0.157910153269768,0.177050784230232,10.3981447219849,0,0,0,264,-157,-276
2864,-0.16748046875,0.16748046875,10.3837890625,0,0,0,265,-156,-276
2865,-0.153125002980232,0.172265633940697,10.3694334030151,0,0,0,265,-154,-273
2866,-0.153125002980232,0.162695318460464,10.3742189407349,0,0,0,264,-153,-275
2867,-0.162695318460464,0.181835934519768,10.3981447219849,0,0,0,261,-155,-272
2868,-0.148339852690697,0.181835934519768,10.3885746002197,0,0,0,262,-156,-274
2869,-0.157910153269768,0.186621099710464,10.3742189407349,0,0,0,261,-155,-275
2870,-0.148339852690697,0.186621099710464,10.3885746002197,0,0,0,261,-153,-276
2871,-0.148339852690697,0.172265633940697,10.3694334030151,0,0,0,265,-157,-274
2872,-0.157910153269768,0.177050784230232,10.3790044784546,0,0,0,265,-156,-275
2873,-0.153125002980232,0.16748046875,10.3837890625,0,0,0,264,-154,-279
2874,-0.162695318460464,0.172265633940697,10.3790044784546,0,0,0,263,-153,-277
2875,-0.157910153269768,0.172265633940697,10.3885746002197,0,0,0,263,-151,-276
2876,-0.1435546875,0.186621099710464,10.3885746002197,0,0,0,265,-153,-278
2877,-0.153125002980232,0.172265633940697,10.4029302597046,0,0,0,268,-154,-278
2878,-0.148339852690697,0.172265633940697,10.3646488189697,0,0,0,263,-155,-276
2879,-0.157910153269768,0.177050784230232,10.3885746002197,0,0,0,264,-156,-277
2880,-0.153125002980232,0.181835934519768,10.3933591842651,0,0,0,266,-155,-277
2881,-0.153125002980232,0.16748046875,10.3790044784546,0,0,0,264,-153,-277
2882,-0.1435546875,0.177050784230232,10.3885746002197,0,0,0,264,-152,-279
2883,-0.1435546875,0.177050784230232,10.3933591842651,0,0,0,263,-152,-279
2884,-0.162695318460464,0.181835934519768,10.3837890625,0,0,0,263,-154,-275
2885,-0.162695318460464,0.177050784230232,10.3933591842651,0,0,0,265,-157,-274
2886,-0.16748046875,0.172265633940697,10.3981447219849,0,0,0,267,-156,-273
2887,-0.153125002980232,0.181835934519768,10.3837890625,0,0,0,265,-156,-274
2888,-0.148339852690697,0.162695318460464,10.4125003814697,0,0,0,265,-159,-275
2889,-0.157910153269768,0.172265633940697,10.3790044784546,0,0,0,266,-158,-277
2890,-0.162695318460464,0.186621099710464,10.3837890625,0,0,0,267,-154,-277
2891,-0.148339852690697,0.177050784230232,10.3694334030151,0,0,0,268,-155,-280
2892,-0.16748046875,0.172265633940697,10.3981447219849,0,0,0,268,-156,-281
2893,-0.153125002980232,0.16748046875,10.3885746002197,0,0,0,266,-157,-279
2894,-0.157910153269768,0.172265633940697,10.35986328125,0,0,0,264,-157,-278
2895,-0.16748046875,0.16748046875,10.3837890625,0,0,0,265,-155,-279
2896,-0.157910153269768,0.177050784230232,10.3694334030151,0,0,0,266,-152,-275
2897,-0.157910153269768,0.19140625,10.4029302597046,0,0,0,264,-153,-276
2898,-0.162695318460464,0.172265633940697,10.3790044784546,0,0,0,265,-155,-281
2899,-0.157910153269768,0.181835934519768,10.3933591842651,0,0,0,266,-154,-278
2900,-0.157910153269768,0.172265633940697,10.4125003814697,0,0,0,265,-154,-278
2901,-0.153125002980232,0.172265633940697,10.3885746002197,0,0,0,265,-155,-280
2902,-0.157910153269768,0.172265633940697,10.3742189407349,0,0,0,268,-154,-277
2903,-0.157910153269768,0.177050784230232,10.3933591842651,0,0,0,266,-153,-275
2904,-0.172265633940697,0.162695318460464,10.3837890625,0,0,0,265,-153,-275
2905,-0.16748046875,0.177050784230232,10.3933591842651,0,0,0,265,-154,-279
2906,-0.162695318460464,0.177050784230232,10.3837890625,0,0,0,266,-157,-276
2907,-0.162695318460464,0.19140625,10.3837890625,0,0,0,266,-154,-277
2908,-0.157910153269768,0.172265633940697,10.4125003814697,0,0,0,266,-155,-274
2909,-0.153125002980232,0.19140625,10.3694334030151,0,0,0,267,-153,-277
2910,-0.148339852690697,0.177050784230232,10.3837890625,0,0,0,264,-152,-274
2911,-0.162695318460464,0.172265633940697,10.3694334030151,0,0,0,263,-153,-277
2912,-0.153125002980232,0.172265633940697,10.3885746002197,0,0,0,265,-156,-276
2913,-0.162695318460464,0.162695318460464,10.3837890625,0,0,0,268,-157,-274
2914,-0.16748046875,0.186621099710464,10.3981447219849,0,0,0,267,-155,-275
2915,-0.148339852690697,0.172265633940697,10.3837890625,0,0,0,264,-155,-274
2916,-0.162695318460464,0.16748046875,10.3837890625,0,0,0,263,-154,-272
2917,-0.148339852690697,0.177050784230232,10.3837890625,0,0,0,263,-154,-277
2918,-0.157910153269768,0.172265633940697,10.40771484375,0,0,0,263,-153,-274
2919,-0.162695318460464,0.181835934519768,10.3694334030151,0,0,0,265,-149,-274
2920,-0.148339852690697,0.172265633940697,10.3837890625,0,0,0,265,-150,-277
2921,-0.16748046875,0.186621099710464,10.3694334030151,0,0,0,265,-152,-280
2922,-0.16748046875,0.172265633940697,10.3933591842651,0,0,0,264,-153,-276
2923,-0.172265633940697,0.177050784230232,10.3933591842651,0,0,0,266,-156,-276
2924,-0.157910153269768,0.19140625,10.4029302597046,0,0,0,264,-155,-274
2925,-0.16748046875,0.177050784230232,10.3981447219849,0,0,0,263,-152,-271
2926,-0.148339852690697,0.181835934519768,10.3885746002197,0,0,0,265,-153,-273
2927,-0.162695318460464,0.172265633940697,10.3742189407349,0,0,0,266,-156,-276
2928,-0.162695318460464,0.177050784230232,10.3837890625,0,0,0,268,-158,-276
2929,-0.162695318460464,0.162695318460464,10.3885746002197,0,0,0,265,-156,-277
2930,-0.153125002980232,0.177050784230232,10.3837890625,0,0,0,266,-157,-276
2931,-0.153125002980232,0.177050784230232,10.4125003814697,0,0,0,266,-159,-274
2932,-0.157910153269768,0.181835934519768,10.3885746002197,0,0,0,264,-158,-274
2933,-0.157910153269768,0.181835934519768,10.3885746002197,0,0,0,262,-155,-275
2934,-0.153125002980232,0.177050784230232,10.4029302597046,0,0,0,264,-153,-273
2935,-0.1435546875,0.186621099710464,10.3742189407349,0,0,0,261,-151,-278
2936,-0.153125002980232,0.177050784230232,10.3837890625,0,0,0,264,-154,-275
2937,-0.162695318460464,0.19140625,10.3790044784546,0,0,0,266,-156,-275
2938,-0.153125002980232,0.19140625,10.3981447219849,0,0,0,269,-156,-275
2939,-0.157910153269768,0.181835934519768,10.3981447219849,0,0,0,268,-157,-275
2940,-0.172265633940697,0.172265633940697,10.3790044784546,0,0,0,261,-157,-271
2941,-0.148339852690697,0.157910153269768,10.4125003814697,0,0,0,262,-155,-275
2942,-0.172265633940697,0.181835934519768,10.3885746002197,0,0,0,265,-153,-277
2943,-0.153125002980232,0.177050784230232,10.3933591842651,0,0,0,267,-149,-274
2944,-0.148339852690697,0.16748046875,10.3742189407349,0,0,0,266,-151,-275
2945,-0.148339852690697,0.16748046875,10.3837890625,0,0,0,264,-153,-277
2946,-0.157910153269768,0.186621099710464,10.3694334030151,0,0,0,265,-151,-277
2947,-0.16748046875,0.16748046875,10.3837890625,0,0,0,263,-155,-275
2948,-0.1435546875,0.181835934519768,10.3742189407349,0,0,0,266,-153,-278
2949,-0.172265633940697,0.177050784230232,10.3981447219849,0,0,0,264,-151,-274
2950,-0.157910153269768,0.157910153269768,10.3885746002197,0,0,0,265,-150,-279
2951,-0.153125002980232,0.172265633940697,10.3933591842651,0,0,0,265,-149,-277
2952,-0.16748046875,0.16748046875,10.3981447219849,0,0,0,266,-154,-274
2953,-0.157910153269768,0.181835934519768,10.4029302597046,0,0,0,262,-154,-279
2954,-0.177050784230232,0.177050784230232,10.3550786972046,0,0,0,265,-155,-274
2955,-0.157910153269768,0.181835934519768,10.3742189407349,0,0,0,264,-157,-276
2956,-0.16748046875,0.172265633940697,10.3981447219849,0,0,0,265,-156,-278
2957,-0.157910153269768,0.177050784230232,10.3837890625,0,0,0,264,-155,-278
2958,-0.153125002980232,0.172265633940697,10.4029302597046,0,0,0,264,-154,-275
2959,-0.157910153269768,0.181835934519768,10.3933591842651,0,0,0,266,-157,-278
2960,-0.172265633940697,0.181835934519768,10.3742189407349,0,0,0,265,-155,-279
2961,-0.162695318460464,0.181835934519768,10.3837890625,0,0,0,266,-154,-279
2962,-0.148339852690697,0.177050784230232,10.3885746002197,0,0,0,262,-153,-278
2963,-0.16748046875,0.172265633940697,10.3837890625,0,0,0,266,-153,-278
2964,-0.153125002980232,0.186621099710464,10.3742189407349,0,0,0,263,-155,-271
2965,-0.153125002980232,0.181835934519768,10.4029302597046,0,0,0,264,-153,-274
2966,-0.157910153269768,0.186621099710464,10.3981447219849,0,0,0,262,-155,-274
2967,-0.162695318460464,0.19140625,10.3790044784546,0,0,0,266,-152,-274
2968,-0.148339852690697,0.177050784230232,10.3790044784546,0,0,0,264,-152,-274
2969,-0.157910153269768,0.172265633940697,10.3646488189697,0,0,0,266,-153,-277
2970,-0.153125002980232,0.177050784230232,10.3981447219849,0,0,0,264,-156,-279
2971,-0.157910153269768,0.172265633940697,10.3646488189697,0,0,0,265,-157,-281
2972,-0.148339852690697,0.177050784230232,10.3790044784546,0,0,0,263,-156,-277
2973,-0.162695318460464,0.186621099710464,10.40771484375,0,0,0,261,-152,-277
2974,-0.16748046875,0.181835934519768,10.3837890625,0,0,0,263,-153,-275
2975,-0.157910153269768,0.16748046875,10.3885746002197,0,0,0,263,-155,-275
2976,-0.157910153269768,0.172265633940697,10.3646488189697,0,0,0,264,-156,-277
2977,-0.162695318460464,0.16748046875,10.3981447219849,0,0,0,264,-153,-276
2978,-0.162695318460464,0.172265633940697,10.3742189407349,0,0,0,264,-154,-275
2979,-0.157910153269768,0.162695318460464,10.3885746002197,0,0,0,264,-156,-276
2980,-0.16748046875,0.196191415190697,10.3981447219849,0,0,0,265,-154,-277
2981,-0.148339852690697,0.162695318460464,10.3933591842651,0,0,0,261,-153,-276
2982,-0.157910153269768,0.181835934519768,10.3790044784546,0,0,0,261,-153,-275
2983,-0.157910153269768,0.177050784230232,10.3885746002197,0,0,0,262,-155,-276
2984,-0.148339852690697,0.172265633940697,10.3790044784546,0,0,0,261,-157,-273
2985,-0.162695318460464,0.177050784230232,10.3885746002197,0,0,0,261,-157,-275
2986,-0.172265633940697,0.181835934519768,10.3742189407349,0,0,0,262,-155,-277
2987,-0.153125002980232,0.177050784230232,10.3885746002197,0,0,0,261,-153,-278
2988,-0.16748046875,0.181835934519768,10.3981447219849,0,0,0,262,-153,-278
2989,-0.148339852690697,0.16748046875,10.3694334030151,0,0,0,262,-153,-277
2990,-0.157910153269768,0.172265633940697,10.3837890625,0,0,0,264,-153,-278
2991,-0.16748046875,0.177050784230232,10.3837890625,0,0,0,263,-154,-274
2992,-0.148339852690697,0.172265633940697,10.3933591842651,0,0,0,263,-155,-278
2993,-0.16748046875,0.172265633940697,10.3885746002197,0,0,0,261,-153,-279
2994,-0.153125002980232,0.172265633940697,10.3694334030151,0,0,0,261,-154,-280
2995,-0.162695318460464,0.16748046875,10.3885746002197,0,0,0,265,-156,-279
2996,-0.157910153269768,0.177050784230232,10.3885746002197,0,0,0,265,-155,-276
2997,-0.16748046875,0.177050784230232,10.3837890625,0,0,0,265,-158,-274
2998,-0.148339852690697,0.177050784230232,10.3646488189697,0,0,0,262,-157,-275
2999,-0.148339852690697,0.177050784230232,10.3694334030151,0,0,0,263,-155,-275
3000,-0.148339852690697,0.172265633940697,10.3885746002197,0,0,0,263,-156,-274
3001,-0.153125002980232,0.186621099710464,10.35986328125,0,0,0,264,-156,-275
3002,-0.16748046875,0.181835934519768,10.3550786972046,0,0,0,263,-155,-276
3003,-0.153125002980232,0.162695318460464,10.3933591842651,0,0,0,264,-153,-279
3004,-0.162695318460464,0.172265633940697,10.3933591842651,0,0,0,264,-157,-277
3005,-0.153125002980232,0.16748046875,10.4029302597046,0,0,0,264,-157,-275
3006,-0.148339852690697,0.19140625,10.3837890625,0,0,0,266,-155,-275
3007,-0.16748046875,0.172265633940697,10.3837890625,0,0,0,265,-155,-276
3008,-0.153125002980232,0.181835934519768,10.3933591842651,0,0,0,264,-155,-276
3009,-0.16748046875,0.172265633940697,10.3933591842651,0,0,0,265,-155,-275
3010,-0.148339852690697,0.177050784230232,10.3790044784546,0,0,0,265,-155,-277
3011,-0.153125002980232,0.177050784230232,10.3742189407349,0,0,0,268,-153,-277
3012,-0.162695318460464,0.177050784230232,10.3933591842651,0,0,0,268,-150,-276
3013,-0.162695318460464,0.172265633940697,10.3837890625,0,0,0,266,-152,-276
3014,-0.153125002980232,0.172265633940697,10.3550786972046,0,0,0,265,-154,-275
3015,-0.16748046875,0.162695318460464,10.3790044784546,0,0,0,266,-154,-270
3016,-0.162695318460464,0.177050784230232,10.3790044784546,0,0,0,268,-155,-274
3017,-0.162695318460464,0.181835934519768,10.3837890625,0,0,0,264,-155,-274
3018,-0.157910153269768,0.181835934519768,10.3837890625,0,0,0,265,-154,-277
3019,-0.157910153269768,0.177050784230232,10.3790044784546,0,0,0,264,-156,-279
3020,-0.148339852690697,0.181835934519768,10.3885746002197,0,0,0,263,-158,-279
3021,-0.162695318460464,0.181835934519768,10.3646488189697,0,0,0,268,-156,-277
3022,-0.157910153269768,0.181835934519768,10.3742189407349,0,0,0,267,-156,-277
3023,-0.157910153269768,0.186621099710464,10.3885746002197,0,0,0,266,-158,-279
3024,-0.16748046875,0.19140625,10.3837890625,0,0,0,267,-159,-275
3025,-0.16748046875,0.19140625,10.3933591842651,0,0,0,266,-157,-274
3026,-0.162695318460464,0.181835934519768,10.35986328125,0,0,0,266,-157,-276
3027,-0.157910153269768,0.181835934519768,10.3790044784546,0,0,0,265,-155,-276
3028,-0.16748046875,0.172265633940697,10.3885746002197,0,0,0,264,-156,-277
3029,-0.172265633940697,0.186621099710464,10.3742189407349,0,0,0,264,-156,-276
3030,-0.148339852690697,0.177050784230232,10.3790044784546,0,0,0,269,-153,-270
3031,-0.157910153269768,0.186621099710464,10.4029302597046,0,0,0,264,-154,-275
3032,-0.157910153269768,0.177050784230232,10.3933591842651,0,0,0,264,-152,-278
3033,-0.153125002980232,0.181835934519768,10.3981447219849,0,0,0,264,-153,-279
3034,-0.148339852690697,0.172265633940697,10.3933591842651,0,0,0,265,-150,-277
3035,-0.153125002980232,0.16748046875,10.3885746002197,0,0,0,265,-153,-276
3036,-0.157910153269768,0.177050784230232,10.3885746002197,0,0,0,261,-155,-270
3037,-0.153125002980232,0.177050784230232,10.3981447219849,0,0,0,263,-156,-273
3038,-0.16748046875,0.186621099710464,10.4029302597046,0,0,0,263,-153,-272
3039,-0.153125002980232,0.177050784230232,10.3837890625,0,0,0,267,-154,-271
3040,-0.16748046875,0.177050784230232,10.3837890625,0,0,0,263,-153,-273
3041,-0.153125002980232,0.172265633940697,10.3837890625,0,0,0,262,-155,-275
3042,-0.16748046875,0.186621099710464,10.3790044784546,0,0,0,266,-153,-276
3043,-0.162695318460464,0.177050784230232,10.3837890625,0,0,0,268,-153,-275
3044,-0.157910153269768,0.19140625,10.35986328125,0,0,0,265,-151,-276
3045,-0.162695318460464,0.177050784230232,10.4029302597046,0,0,0,265,-150,-278
3046,-0.153125002980232,0.181835934519768,10.3790044784546,0,0,0,265,-152,-279
3047,-0.153125002980232,0.177050784230232,10.3981447219849,0,0,0,265,-154,-280
3048,-0.157910153269768,0.181835934519768,10.3694334030151,0,0,0,267,-158,-278
3049,-0.16748046875,0.172265633940697,10.3885746002197,0,0,0,266,-155,-278
3050,-0.162695318460464,0.172265633940697,10.3790044784546,0,0,0,265,-156,-279
3051,-0.172265633940697,0.186621099710464,10.3742189407349,0,0,0,261,-157,-275
3052,-0.153125002980232,0.172265633940697,10.3694334030151,0,0,0,260,-157,-275
3053,-0.148339852690697,0.177050784230232,10.3981447219849,0,0,0,263,-156,-274
3054,-0.16748046875,0.186621099710464,10.3790044784546,0,0,0,266,-148,-271
3055,-0.153125002980232,0.177050784230232,10.3837890625,0,0,0,268,-151,-275
3056,-0.157910153269768,0.186621099710464,10.3885746002197,0,0,0,267,-153,-278
3057,-0.162695318460464,0.181835934519768,10.3742189407349,0,0,0,265,-153,-277
3058,-0.162695318460464,0.181835934519768,10.3646488189697,0,0,0,264,-154,-277
3059,-0.16748046875,0.172265633940697,10.3694334030151,0,0,0,263,-156,-275
3060,-0.16748046875,0.177050784230232,10.3837890625,0,0,0,262,-153,-274
3060,-0.16748046875,0.177050784230232,10.3837890625,0,0,0,260,-152,-275
3061,-0.153125002980232,0.162695318460464,10.4029302597046,0,0,0,262,-152,-276
3062,-0.157910153269768,0.181835934519768,10.3837890625,0,0,0,268,-155,-273
3063,-0.157910153269768,0.172265633940697,10.3646488189697,0,0,0,267,-155,-274
3064,-0.157910153269768,0.181835934519768,10.3837890625,0,0,0,267,-154,-274
3065,-0.157910153269768,0.181835934519768,10.3933591842651,0,0,0,265,-155,-274
3066,-0.162695318460464,0.181835934519768,10.3742189407349,0,0,0,261,-156,-277
3067,-0.162695318460464,0.186621099710464,10.3837890625,0,0,0,264,-154,-279
3068,-0.157910153269768,0.19140625,10.3742189407349,0,0,0,260,-148,-276
3069,-0.157910153269768,0.186621099710464,10.4029302597046,0,0,0,263,-154,-276
3070,-0.148339852690697,0.16748046875,10.3837890625,0,0,0,264,-157,-277
3071,-0.153125002980232,0.19140625,10.3933591842651,0,0,0,266,-157,-274
3072,-0.157910153269768,0.181835934519768,10.3837890625,0,0,0,265,-154,-273
3073,-0.157910153269768,0.186621099710464,10.3933591842651,0,0,0,264,-155,-277
3074,-0.153125002980232,0.177050784230232,10.3933591842651,0,0,0,261,-158,-278
3075,-0.162695318460464,0.162695318460464,10.3790044784546,0,0,0,268,-156,-278
3076,-0.1435546875,0.186621099710464,10.3837890625,0,0,0,267,-156,-276
3077,-0.162695318460464,0.19140625,10.3790044784546,0,0,0,269,-154,-271
3078,-0.157910153269768,0.172265633940697,10.3933591842651,0,0,0,269,-157,-271
3079,-0.162695318460464,0.186621099710464,10.3790044784546,0,0,0,267,-157,-273
3080,-0.16748046875,0.186621099710464,10.3837890625,0,0,0,267,-157,-275
3081,-0.153125002980232,0.16748046875,10.4029302597046,0,0,0,265,-154,-278
3082,-0.181835934519768,0.172265633940697,10.4029302597046,0,0,0,266,-153,-279
3083,-0.172265633940697,0.172265633940697,10.3742189407349,0,0,0,263,-150,-276
3084,-0.162695318460464,0.177050784230232,10.3646488189697,0,0,0,262,-152,-274
3085,-0.162695318460464,0.16748046875,10.3837890625,0,0,0,265,-154,-275
3086,-0.157910153269768,0.181835934519768,10.3885746002197,0,0,0,265,-153,-277
3087,-0.162695318460464,0.172265633940697,10.3981447219849,0,0,0,268,-154,-277
3088,-0.153125002980232,0.181835934519768,10.3885746002197,0,0,0,265,-152,-275
3089,-0.16748046875,0.19140625,10.3933591842651,0,0,0,262,-154,-273
3090,-0.153125002980232,0.16748046875,10.3933591842651,0,0,0,261,-154,-271
3091,-0.16748046875,0.181835934519768,10.3742189407349,0,0,0,260,-154,-277
3092,-0.153125002980232,0.172265633940697,10.3933591842651,0,0,0,264,-148,-271
3093,-0.177050784230232,0.181835934519768,10.3837890625,0,0,0,263,-153,-273
3094,-0.172265633940697,0.177050784230232,10.3837890625,0,0,0,264,-153,-273
3095,-0.148339852690697,0.16748046875,10.3837890625,0,0,0,265,-152,-277
3096,-0.162695318460464,0.16748046875,10.3981447219849,0,0,0,264,-152,-275
3097,-0.157910153269768,0.172265633940697,10.3790044784546,0,0,0,266,-152,-274
3098,-0.157910153269768,0.177050784230232,10.4029302597046,0,0,0,259,-157,-273
3099,-0.16748046875,0.186621099710464,10.3790044784546,0,0,0,261,-154,-274
3100,-0.153125002980232,0.172265633940697,10.3646488189697,0,0,0,261,-152,-277
3101,-0.177050784230232,0.16748046875,10.3885746002197,0,0,0,262,-151,-278
3102,-0.177050784230232,0.181835934519768,10.3837890625,0,0,0,261,-153,-278
3103,-0.162695318460464,0.181835934519768,10.3837890625,0,0,0,262,-154,-276
3104,-0.16748046875,0.177050784230232,10.3837890625,0,0,0,265,-154,-276
3105,-0.157910153269768,0.177050784230232,10.3837890625,0,0,0,269,-155,-277
3106,-0.16748046875,0.181835934519768,10.3885746002197,0,0,0,266,-155,-278
3107,-0.153125002980232,0.181835934519768,10.3646488189697,0,0,0,266,-155,-276
3108,-0.157910153269768,0.181835934519768,10.35986328125,0,0,0,266,-156,-276
3109,-0.153125002980232,0.177050784230232,10.3694334030151,0,0,0,267,-156,-279
3110,-0.162695318460464,0.181835934519768,10.3742189407349,0,0,0,266,-157,-280
3111,-0.16748046875,0.172265633940697,10.3885746002197,0,0,0,266,-154,-278
3112,-0.162695318460464,0.16748046875,10.3885746002197,0,0,0,264,-154,-280
3113,-0.157910153269768,0.19140625,10.3885746002197,0,0,0,261,-154,-276
3114,-0.157910153269768,0.181835934519768,10.3933591842651,0,0,0,264,-153,-276
3115,-0.153125002980232,0.181835934519768,10.3790044784546,0,0,0,265,-153,-273
3116,-0.1435546875,0.186621099710464,10.3837890625,0,0,0,265,-152,-275
3117,-0.172265633940697,0.177050784230232,10.3885746002197,0,0,0,265,-154,-275
3118,-0.162695318460464,0.16748046875,10.3981447219849,0,0,0,264,-151,-278
3119,-0.153125002980232,0.19140625,10.3790044784546,0,0,0,265,-151,-279
3120,-0.157910153269768,0.181835934519768,10.3742189407349,0,0,0,266,-153,-279
3121,-0.157910153269768,0.181835934519768,10.3742189407349,0,0,0,266,-155,-278
3122,-0.162695318460464,0.186621099710464,10.4220705032349,0,0,0,267,-154,-279
3123,-0.157910153269768,0.181835934519768,10.3790044784546,0,0,0,264,-154,-278
3124,-0.153125002980232,0.172265633940697,10.3694334030151,0,0,0,264,-156,-279
3125,-0.16748046875,0.172265633940697,10.3933591842651,0,0,0,263,-152,-279
3126,-0.162695318460464,0.177050784230232,10.3694334030151,0,0,0,263,-155,-280
3127,-0.16748046875,0.181835934519768,10.3646488189697,0,0,0,263,-155,-280
3128,-0.162695318460464,0.177050784230232,10.3981447219849,0,0,0,262,-155,-280
3129,-0.16748046875,0.181835934519768,10.3742189407349,0,0,0,264,-155,-278
3130,-0.162695318460464,0.172265633940697,10.3742189407349,0,0,0,262,-152,-278
3131,-0.162695318460464,0.172265633940697,10.3837890625,0,0,0,265,-153,-275
3132,-0.153125002980232,0.16748046875,10.3837890625,0,0,0,267,-153,-275
3133,-0.162695318460464,0.181835934519768,10.3694334030151,0,0,0,266,-152,-274
3134,-0.162695318460464,0.177050784230232,10.3933591842651,0,0,0,267,-154,-274
3135,-0.162695318460464,0.172265633940697,10.3837890625,0,0,0,269,-155,-277
3136,-0.162695318460464,0.186621099710464,10.3885746002197,0,0,0,266,-154,-274
3137,-0.157910153269768,0.186621099710464,10.3790044784546,0,0,0,265,-156,-274
3138,-0.172265633940697,0.181835934519768,10.3981447219849,0,0,0,265,-157,-277
3139,-0.148339852690697,0.186621099710464,10.3885746002197,0,0,0,267,-154,-278
3140,-0.162695318460464,0.172265633940697,10.3790044784546,0,0,0,269,-152,-276
3141,-0.153125002980232,0.186621099710464,10.3837890625,0,0,0,267,-152,-274
3142,-0.157910153269768,0.162695318460464,10.3790044784546,0,0,0,265,-154,-275
3143,-0.157910153269768,0.181835934519768,10.3837890625,0,0,0,266,-154,-274
3144,-0.157910153269768,0.172265633940697,10.3885746002197,0,0,0,266,-149,-274
3145,-0.162695318460464,0.181835934519768,10.3742189407349,0,0,0,265,-150,-276
3146,-0.162695318460464,0.181835934519768,10.3742189407349,0,0,0,267,-154,-276
3147,-0.157910153269768,0.16748046875,10.3837890625,0,0,0,265,-154,-277
3148,-0.157910153269768,0.172265633940697,10.3885746002197,0,0,0,264,-154,-276
3149,-0.157910153269768,0.177050784230232,10.35986328125,0,0,0,270,-155,-272
3150,-0.153125002980232,0.186621099710464,10.3981447219849,0,0,0,269,-153,-273
3151,-0.157910153269768,0.16748046875,10.3790044784546,0,0,0,266,-154,-272
3152,-0.162695318460464,0.181835934519768,10.4029302597046,0,0,0,264,-154,-276
3153,-0.153125002980232,0.181835934519768,10.3885746002197,0,0,0,263,-155,-276
3154,-0.162695318460464,0.172265633940697,10.3933591842651,0,0,0,261,-153,-275
3155,-0.148339852690697,0.177050784230232,10.3790044784546,0,0,0,263,-153,-277
3156,-0.153125002980232,0.172265633940697,10.4029302597046,0,0,0,261,-151,-276
3157,-0.16748046875,0.177050784230232,10.3981447219849,0,0,0,263,-152,-278
3158,-0.16748046875,0.181835934519768,10.3885746002197,0,0,0,266,-155,-277
3159,-0.162695318460464,0.177050784230232,10.3837890625,0,0,0,265,-157,-278
3160,-0.153125002980232,0.186621099710464,10.3933591842651,0,0,0,266,-156,-278
3161,-0.181835934519768,0.16748046875,10.3981447219849,0,0,0,267,-154,-277
3162,-0.162695318460464,0.162695318460464,10.3933591842651,0,0,0,263,-157,-274
3163,-0.16748046875,0.186621099710464,10.3837890625,0,0,0,266,-153,-275
3164,-0.148339852690697,0.172265633940697,10.3981447219849,0,0,0,264,-154,-276
3165,-0.157910153269768,0.172265633940697,10.3837890625,0,0,0,266,-152,-277
3166,-0.162695318460464,0.181835934519768,10.35986328125,0,0,0,267,-153,-279
3167,-0.157910153269768,0.181835934519768,10.3742189407349,0,0,0,264,-154,-280
3168,-0.172265633940697,0.181835934519768,10.3837890625,0,0,0,264,-156,-277
3169,-0.157910153269768,0.181835934519768,10.3837890625,0,0,0,264,-156,-275
3170,-0.162695318460464,0.177050784230232,10.40771484375,0,0,0,264,-155,-275
3171,-0.148339852690697,0.181835934519768,10.3885746002197,0,0,0,260,-153,-270
3172,-0.157910153269768,0.172265633940697,10.3837890625,0,0,0,260,-156,-273
3173,-0.1435546875,0.177050784230232,10.3790044784546,0,0,0,264,-157,-275
3174,-0.172265633940697,0.177050784230232,10.4029302597046,0,0,0,265,-156,-275
3175,-0.162695318460464,0.186621099710464,10.3933591842651,0,0,0,266,-156,-277
3176,-0.162695318460464,0.172265633940697,10.3694334030151,0,0,0,262,-153,-277
3177,-0.148339852690697,0.16748046875,10.3981447219849,0,0,0,263,-154,-280
3178,-0.148339852690697,0.181835934519768,10.3981447219849,0,0,0,266,-156,-279
3179,-0.162695318460464,0.172265633940697,10.3837890625,0,0,0,266,-154,-276
3180,-0.162695318460464,0.186621099710464,10.3837890625,0,0,0,262,-153,-275
3181,-0.172265633940697,0.172265633940697,10.3837890625,0,0,0,264,-153,-276
3182,-0.162695318460464,0.177050784230232,10.4029302597046,0,0,0,266,-155,-275
3183,-0.157910153269768,0.177050784230232,10.3742189407349,0,0,0,264,-154,-276
3184,-0.162695318460464,0.16748046875,10.3981447219849,0,0,0,266,-154,-277
3185,-0.162695318460464,0.177050784230232,10.3981447219849,0,0,0,266,-157,-277
3186,-0.162695318460464,0.19140625,10.3885746002197,0,0,0,263,-159,-278
3187,-0.16748046875,0.181835934519768,10.3837890625,0,0,0,261,-157,-276
3188,-0.157910153269768,0.205761715769768,10.3885746002197,0,0,0,268,-150,-274
3189,-0.148339852690697,0.177050784230232,10.3742189407349,0,0,0,267,-151,-272
3190,-0.162695318460464,0.16748046875,10.3933591842651,0,0,0,268,-154,-266
3191,-0.172265633940697,0.177050784230232,10.3694334030151,0,0,0,266,-150,-269
3192,-0.162695318460464,0.16748046875,10.3790044784546,0,0,0,266,-152,-272
3193,-0.129199221730232,0.157910153269768,10.3837890625,0,0,0,266,-149,-276
3194,-0.162695318460464,0.186621099710464,10.3933591842651,0,0,0,265,-153,-277
3195,-0.162695318460464,0.177050784230232,10.3933591842651,0,0,0,263,-154,-276
3196,-0.16748046875,0.181835934519768,10.3694334030151,0,0,0,265,-157,-277
3197,-0.148339852690697,0.181835934519768,10.3837890625,0,0,0,268,-156,-275
3198,-0.153125002980232,0.16748046875,10.35986328125,0,0,0,272,-156,-273
3199,-0.162695318460464,0.181835934519768,10.3885746002197,0,0,0,270,-154,-274
3200,-0.148339852690697,0.172265633940697,10.4029302597046,0,0,0,268,-154,-273
3201,-0.16748046875,0.172265633940697,10.3885746002197,0,0,0,267,-155,-273
3202,-0.148339852690697,0.181835934519768,10.3837890625,0,0,0,263,-156,-278
3203,-0.16748046875,0.177050784230232,10.3933591842651,0,0,0,262,-152,-278
3204,-0.16748046875,0.181835934519768,10.3885746002197,0,0,0,263,-152,-274
3205,-0.16748046875,0.157910153269768,10.3981447219849,0,0,0,266,-157,-275
3206,-0.148339852690697,0.181835934519768,10.3790044784546,0,0,0,267,-157,-274
3207,-0.148339852690697,0.181835934519768,10.3981447219849,0,0,0,264,-153,-277
3208,-0.153125002980232,0.181835934519768,10.3885746002197,0,0,0,262,-154,-276
3209,-0.153125002980232,0.177050784230232,10.3694334030151,0,0,0,263,-154,-277
3210,-0.153125002980232,0.181835934519768,10.3933591842651,0,0,0,260,-156,-276
3211,-0.162695318460464,0.177050784230232,10.3790044784546,0,0,0,264,-157,-279
3212,-0.177050784230232,0.16748046875,10.3837890625,0,0,0,265,-157,-280
3213,-0.153125002980232,0.177050784230232,10.35986328125,0,0,0,264,-154,-281
3214,-0.16748046875,0.16748046875,10.3837890625,0,0,0,267,-155,-277
3215,-0.172265633940697,0.172265633940697,10.3837890625,0,0,0,267,-157,-271
3216,-0.162695318460464,0.186621099710464,10.3694334030151,0,0,0,266,-157,-270
3217,-0.153125002980232,0.172265633940697,10.3933591842651,0,0,0,266,-156,-273
3218,-0.157910153269768,0.177050784230232,10.3981447219849,0,0,0,267,-154,-274
3219,-0.162695318460464,0.172265633940697,10.3837890625,0,0,0,263,-154,-275
3220,-0.172265633940697,0.177050784230232,10.3646488189697,0,0,0,263,-154,-278
3221,-0.148339852690697,0.181835934519768,10.3742189407349,0,0,0,260,-152,-278
3222,-0.153125002980232,0.186621099710464,10.3885746002197,0,0,0,261,-152,-277
3223,-0.16748046875,0.186621099710464,10.3981447219849,0,0,0,264,-153,-280
3224,-0.157910153269768,0.172265633940697,10.3837890625,0,0,0,267,-154,-279
3225,-0.162695318460464,0.172265633940697,10.3790044784546,0,0,0,263,-156,-273
3226,-0.157910153269768,0.181835934519768,10.3933591842651,0,0,0,264,-153,-272
3227,-0.157910153269768,0.162695318460464,10.3837890625,0,0,0,264,-155,-275
3228,-0.162695318460464,0.157910153269768,10.3885746002197,0,0,0,263,-154,-278
3229,-0.153125002980232,0.177050784230232,10.3837890625,0,0,0,263,-154,-279
3230,-0.157910153269768,0.16748046875,10.3646488189697,0,0,0,264,-154,-276
3231,-0.157910153269768,0.177050784230232,10.40771484375,0,0,0,265,-154,-276
3232,-0.157910153269768,0.172265633940697,10.3742189407349,0,0,0,268,-154,-278
3233,-0.162695318460464,0.162695318460464,10.3790044784546,0,0,0,265,-158,-276
3234,-0.157910153269768,0.177050784230232,10.3694334030151,0,0,0,263,-156,-277
3235,-0.181835934519768,0.16748046875,10.3885746002197,0,0,0,264,-154,-277
3236,-0.16748046875,0.16748046875,10.4172849655151,0,0,0,265,-154,-274
3237,-0.162695318460464,0.16748046875,10.3885746002197,0,0,0,263,-155,-277
3238,-0.172265633940697,0.172265633940697,10.3790044784546,0,0,0,265,-154,-275
3239,-0.162695318460464,0.186621099710464,10.3981447219849,0,0,0,268,-154,-276
3240,-0.157910153269768,0.157910153269768,10.3837890625,0,0,0,267,-155,-277
3241,-0.16748046875,0.172265633940697,10.3790044784546,0,0,0,267,-155,-276
3242,-0.157910153269768,0.181835934519768,10.3933591842651,0,0,0,265,-155,-276
3243,-0.162695318460464,0.172265633940697,10.3933591842651,0,0,0,263,-155,-277
3244,-0.157910153269768,0.177050784230232,10.3837890625,0,0,0,265,-154,-277
3245,-0.16748046875,0.181835934519768,10.3742189407349,0,0,0,266,-152,-278
3246,-0.172265633940697,0.177050784230232,10.3694334030151,0,0,0,266,-152,-278
3247,-0.16748046875,0.177050784230232,10.3550786972046,0,0,0,263,-151,-279
3248,-0.153125002980232,0.181835934519768,10.3885746002197,0,0,0,260,-153,-276
3249,-0.172265633940697,0.177050784230232,10.3742189407349,0,0,0,262,-154,-277
3250,-0.153125002980232,0.181835934519768,10.3885746002197,0,0,0,264,-151,-278
3251,-0.153125002980232,0.177050784230232,10.3646488189697,0,0,0,265,-150,-276
3252,-0.177050784230232,0.16748046875,10.3885746002197,0,0,0,263,-154,-278
3253,-0.162695318460464,0.16748046875,10.3933591842651,0,0,0,265,-153,-277
3254,-0.172265633940697,0.186621099710464,10.3646488189697,0,0,0,263,-154,-267
3255,-0.172265633940697,0.181835934519768,10.3933591842651,0,0,0,263,-157,-272
3256,-0.162695318460464,0.177050784230232,10.3837890625,0,0,0,263,-157,-274
3257,-0.16748046875,0.162695318460464,10.3742189407349,0,0,0,266,-156,-276
3258,-0.16748046875,0.16748046875,10.3646488189697,0,0,0,266,-156,-279
3259,-0.162695318460464,0.177050784230232,10.3837890625,0,0,0,267,-155,-279
3260,-0.162695318460464,0.181835934519768,10.3981447219849,0,0,0,264,-155,-278
3261,-0.172265633940697,0.172265633940697,10.3837890625,0,0,0,269,-152,-272
3262,-0.1435546875,0.172265633940697,10.3694334030151,0,0,0,267,-154,-276
3263,-0.153125002980232,0.16748046875,10.3694334030151,0,0,0,266,-157,-278
3264,-0.157910153269768,0.162695318460464,10.3694334030151,0,0,0,262,-158,-269
3265,-0.177050784230232,0.186621099710464,10.3742189407349,0,0,0,266,-154,-262
3266,-0.162695318460464,0.181835934519768,10.3981447219849,0,0,0,266,-154,-267
3267,-0.172265633940697,0.172265633940697,10.3646488189697,0,0,0,264,-151,-268
3268,-0.162695318460464,0.162695318460464,10.3646488189697,0,0,0,265,-153,-272
3269,-0.153125002980232,0.181835934519768,10.40771484375,0,0,0,269,-156,-275
3270,-0.16748046875,0.16748046875,10.3646488189697,0,0,0,272,-157,-273
3271,-0.157910153269768,0.177050784230232,10.3885746002197,0,0,0,269,-147,-269
3272,-0.157910153269768,0.186621099710464,10.3885746002197,0,0,0,266,-148,-267
3273,-0.162695318460464,0.19140625,10.3694334030151,0,0,0,263,-154,-274
3274,-0.16748046875,0.177050784230232,10.3933591842651,0,0,0,261,-154,-276
3275,-0.162695318460464,0.16748046875,10.3933591842651,0,0,0,262,-157,-275
3276,-0.153125002980232,0.186621099710464,10.3742189407349,0,0,0,265,-152,-274
3277,-0.162695318460464,0.181835934519768,10.3981447219849,0,0,0,265,-153,-273
3278,-0.153125002980232,0.177050784230232,10.3790044784546,0,0,0,262,-150,-278
3279,-0.162695318460464,0.186621099710464,10.3790044784546,0,0,0,262,-154,-276
3280,-0.153125002980232,0.172265633940697,10.40771484375,0,0,0,265,-152,-276
3281,-0.162695318460464,0.19140625,10.35986328125,0,0,0,264,-154,-277
3282,-0.177050784230232,0.172265633940697,10.3837890625,0,0,0,263,-158,-275
3283,-0.157910153269768,0.181835934519768,10.3885746002197,0,0,0,263,-157,-275
3284,-0.157910153269768,0.177050784230232,10.3885746002197,0,0,0,262,-156,-278
3285,-0.153125002980232,0.172265633940697,10.3742189407349,0,0,0,263,-157,-273
3286,-0.16748046875,0.177050784230232,10.3742189407349,0,0,0,264,-155,-277
3287,-0.16748046875,0.186621099710464,10.3885746002197,0,0,0,264,-155,-275
3288,-0.148339852690697,0.186621099710464,10.3742189407349,0,0,0,264,-157,-275
3289,-0.153125002980232,0.186621099710464,10.3837890625,0,0,0,262,-154,-278
3290,-0.16748046875,0.181835934519768,10.3885746002197,0,0,0,262,-153,-277
3291,-0.16748046875,0.181835934519768,10.3837890625,0,0,0,260,-150,-277
3292,-0.153125002980232,0.177050784230232,10.3790044784546,0,0,0,264,-153,-278
3293,-0.16748046875,0.162695318460464,10.3837890625,0,0,0,261,-153,-272
3294,-0.157910153269768,0.181835934519768,10.3790044784546,0,0,0,266,-158,-271
3295,-0.16748046875,0.181835934519768,10.3742189407349,0,0,0,266,-157,-278
3296,-0.162695318460464,0.181835934519768,10.3742189407349,0,0,0,265,-155,-277
3297,-0.153125002980232,0.186621099710464,10.3837890625,0,0,0,265,-154,-275
3298,-0.162695318460464,0.177050784230232,10.3646488189697,0,0,0,264,-153,-274
3299,-0.162695318460464,0.177050784230232,10.3933591842651,0,0,0,265,-154,-279
3300,-0.16748046875,0.19140625,10.3885746002197,0,0,0,263,-155,-266
3301,-0.162695318460464,0.181835934519768,10.40771484375,0,0,0,263,-158,-271
3302,-0.16748046875,0.177050784230232,10.3885746002197,0,0,0,264,-156,-273
3303,-0.157910153269768,0.181835934519768,10.3694334030151,0,0,0,266,-155,-276
3304,-0.148339852690697,0.181835934519768,10.3837890625,0,0,0,265,-152,-278
3305,-0.162695318460464,0.16748046875,10.3694334030151,0,0,0,266,-151,-278
3306,-0.153125002980232,0.177050784230232,10.3837890625,0,0,0,260,-155,-273
3307,-0.181835934519768,0.181835934519768,10.3837890625,0,0,0,263,-152,-277
3308,-0.177050784230232,0.181835934519768,10.3885746002197,0,0,0,263,-156,-265
3309,-0.153125002980232,0.172265633940697,10.3885746002197,0,0,0,265,-154,-269
3310,-0.153125002980232,0.177050784230232,10.3885746002197,0,0,0,266,-154,-276
3311,-0.162695318460464,0.186621099710464,10.3742189407349,0,0,0,266,-153,-279
3312,-0.16748046875,0.196191415190697,10.3742189407349,0,0,0,267,-156,-279
3313,-0.157910153269768,0.177050784230232,10.3742189407349,0,0,0,266,-156,-280
3314,-0.153125002980232,0.19140625,10.3837890625,0,0,0,266,-155,-279
3315,-0.172265633940697,0.177050784230232,10.3694334030151,0,0,0,262,-151,-275
3315,-0.157910153269768,0.172265633940697,10.3790044784546,0,0,0,263,-151,-277
3316,-0.172265633940697,0.172265633940697,10.3790044784546,0,0,0,266,-154,-278
3317,-0.177050784230232,0.177050784230232,10.3694334030151,0,0,0,264,-152,-280
3318,-0.157910153269768,0.186621099710464,10.3646488189697,0,0,0,263,-152,-278
3319,-0.172265633940697,0.177050784230232,10.3742189407349,0,0,0,261,-153,-278
3320,-0.162695318460464,0.16748046875,10.3837890625,0,0,0,260,-153,-278
3321,-0.162695318460464,0.162695318460464,10.3981447219849,0,0,0,263,-152,-279
3322,-0.172265633940697,0.177050784230232,10.3790044784546,0,0,0,265,-153,-277
3323,-0.157910153269768,0.177050784230232,10.3885746002197,0,0,0,267,-147,-273
3324,-0.16748046875,0.177050784230232,10.3790044784546,0,0,0,265,-150,-269
3325,-0.16748046875,0.16748046875,10.3646488189697,0,0,0,267,-150,-274
3326,-0.16748046875,0.172265633940697,10.3981447219849,0,0,0,266,-150,-278
3327,-0.16748046875,0.181835934519768,10.3694334030151,0,0,0,264,-150,-275
3328,-0.157910153269768,0.16748046875,10.3837890625,0,0,0,264,-153,-274
3329,-0.1435546875,0.162695318460464,10.3837890625,0,0,0,262,-154,-273
3330,-0.162695318460464,0.172265633940697,10.3933591842651,0,0,0,264,-155,-275
3331,-0.162695318460464,0.172265633940697,10.3742189407349,0,0,0,265,-156,-276
3332,-0.162695318460464,0.172265633940697,10.3694334030151,0,0,0,265,-155,-276
3333,-0.157910153269768,0.177050784230232,10.3885746002197,0,0,0,266,-156,-277
3334,-0.157910153269768,0.181835934519768,10.3837890625,0,0,0,269,-156,-279
3335,-0.162695318460464,0.177050784230232,10.3742189407349,0,0,0,267,-153,-279
3336,-0.172265633940697,0.16748046875,10.3790044784546,0,0,0,264,-154,-279
3337,-0.16748046875,0.177050784230232,10.3742189407349,0,0,0,263,-154,-279
3338,-0.157910153269768,0.181835934519768,10.3790044784546,0,0,0,266,-154,-281
3339,-0.172265633940697,0.181835934519768,10.3742189407349,0,0,0,265,-153,-278
3340,-0.172265633940697,0.172265633940697,10.3837890625,0,0,0,263,-154,-275
3341,-0.16748046875,0.177050784230232,10.3790044784546,0,0,0,261,-155,-278
3342,-0.153125002980232,0.16748046875,10.3837890625,0,0,0,261,-155,-276
3343,-0.153125002980232,0.16748046875,10.3837890625,0,0,0,263,-153,-279
3344,-0.162695318460464,0.172265633940697,10.3981447219849,0,0,0,264,-154,-275
3345,-0.162695318460464,0.172265633940697,10.3837890625,0,0,0,263,-156,-275
3346,-0.148339852690697,0.172265633940697,10.3837890625,0,0,0,260,-157,-275
3347,-0.148339852690697,0.16748046875,10.3837890625,0,0,0,262,-156,-276
3348,-0.153125002980232,0.186621099710464,10.3885746002197,0,0,0,263,-152,-276
3349,-0.172265633940697,0.181835934519768,10.3646488189697,0,0,0,262,-153,-279
3350,-0.153125002980232,0.177050784230232,10.3933591842651,0,0,0,263,-153,-281
3351,-0.157910153269768,0.177050784230232,10.3837890625,0,0,0,263,-153,-278
3352,-0.148339852690697,0.16748046875,10.3837890625,0,0,0,267,-152,-280
3353,-0.157910153269768,0.157910153269768,10.3837890625,0,0,0,265,-152,-279
3354,-0.162695318460464,0.172265633940697,10.3790044784546,0,0,0,266,-152,-277
3355,-0.162695318460464,0.16748046875,10.3837890625,0,0,0,264,-151,-278
3356,-0.16748046875,0.177050784230232,10.3981447219849,0,0,0,264,-152,-277
3357,-0.153125002980232,0.177050784230232,10.3981447219849,0,0,0,265,-150,-279
3358,-0.162695318460464,0.162695318460464,10.3742189407349,0,0,0,265,-152,-278
3359,-0.157910153269768,0.181835934519768,10.4029302597046,0,0,0,264,-154,-275
3360,-0.157910153269768,0.200976565480232,10.3837890625,0,0,0,265,-154,-276
3361,-0.157910153269768,0.19140625,10.3885746002197,0,0,0,266,-154,-277
3362,-0.172265633940697,0.181835934519768,10.3837890625,0,0,0,264,-154,-277
3363,-0.162695318460464,0.16748046875,10.3790044784546,0,0,0,265,-157,-280
3364,-0.162695318460464,0.186621099710464,10.3885746002197,0,0,0,264,-156,-280
3365,-0.16748046875,0.177050784230232,10.3790044784546,0,0,0,267,-161,-275
3366,-0.172265633940697,0.172265633940697,10.3790044784546,0,0,0,266,-156,-279
3367,-0.157910153269768,0.196191415190697,10.3742189407349,0,0,0,266,-155,-277
3368,-0.16748046875,0.181835934519768,10.3742189407349,0,0,0,259,-151,-278
3369,-0.162695318460464,0.16748046875,10.3550786972046,0,0,0,265,-151,-276
3370,-0.16748046875,0.177050784230232,10.3885746002197,0,0,0,265,-152,-276
3371,-0.16748046875,0.16748046875,10.3790044784546,0,0,0,265,-154,-273
3372,-0.162695318460464,0.186621099710464,10.3790044784546,0,0,0,265,-155,-273
3373,-0.16748046875,0.181835934519768,10.3790044784546,0,0,0,264,-155,-276
3374,-0.16748046875,0.186621099710464,10.3981447219849,0,0,0,262,-155,-278
3375,-0.162695318460464,0.162695318460464,10.3885746002197,0,0,0,261,-154,-276
3376,-0.162695318460464,0.181835934519768,10.3837890625,0,0,0,264,-155,-276
3377,-0.157910153269768,0.181835934519768,10.3933591842651,0,0,0,262,-156,-276
3378,-0.153125002980232,0.172265633940697,10.3790044784546,0,0,0,263,-153,-277
3379,-0.157910153269768,0.177050784230232,10.3837890625,0,0,0,265,-153,-277
3380,-0.162695318460464,0.186621099710464,10.3694334030151,0,0,0,270,-156,-273
3381,-0.157910153269768,0.177050784230232,10.3837890625,0,0,0,269,-154,-274
3382,-0.157910153269768,0.19140625,10.3981447219849,0,0,0,263,-154,-277
3383,-0.162695318460464,0.162695318460464,10.3837890625,0,0,0,263,-153,-278
3384,-0.153125002980232,0.177050784230232,10.3837890625,0,0,0,264,-155,-280
3385,-0.16748046875,0.172265633940697,10.3885746002197,0,0,0,265,-157,-279
3386,-0.162695318460464,0.19140625,10.3790044784546,0,0,0,263,-155,-277
3387,-0.157910153269768,0.177050784230232,10.3694334030151,0,0,0,261,-155,-273
3388,-0.1435546875,0.177050784230232,10.3885746002197,0,0,0,261,-152,-277
3389,-0.177050784230232,0.172265633940697,10.3790044784546,0,0,0,263,-154,-279
3390,-0.16748046875,0.162695318460464,10.3885746002197,0,0,0,266,-156,-278
3391,-0.157910153269768,0.181835934519768,10.3885746002197,0,0,0,265,-156,-278
3392,-0.1435546875,0.162695318460464,10.3742189407349,0,0,0,266,-156,-279
3393,-0.16748046875,0.172265633940697,10.3742189407349,0,0,0,267,-154,-276
3394,-0.157910153269768,0.177050784230232,10.3742189407349,0,0,0,265,-155,-276
3395,-0.16748046875,0.19140625,10.3837890625,0,0,0,267,-153,-273
3396,-0.153125002980232,0.172265633940697,10.3742189407349,0,0,0,265,-153,-271
3397,-0.162695318460464,0.177050784230232,10.3742189407349,0,0,0,261,-152,-273
3398,-0.172265633940697,0.157910153269768,10.3837890625,0,0,0,263,-152,-274
3399,-0.162695318460464,0.16748046875,10.3933591842651,0,0,0,261,-152,-273
3400,-0.172265633940697,0.177050784230232,10.4029302597046,0,0,0,263,-153,-273
3401,-0.16748046875,0.181835934519768,10.3694334030151,0,0,0,262,-153,-274
3402,-0.162695318460464,0.177050784230232,10.3837890625,0,0,0,260,-153,-276
3403,-0.177050784230232,0.181835934519768,10.3933591842651,0,0,0,262,-154,-277
3404,-0.157910153269768,0.16748046875,10.3837890625,0,0,0,267,-156,-271
3405,-0.153125002980232,0.181835934519768,10.3790044784546,0,0,0,268,-157,-270
3406,-0.157910153269768,0.172265633940697,10.3742189407349,0,0,0,268,-154,-271
3407,-0.172265633940697,0.172265633940697,10.3646488189697,0,0,0,266,-151,-273
3408,-0.177050784230232,0.16748046875,10.35986328125,0,0,0,264,-152,-276
3409,-0.157910153269768,0.186621099710464,10.3550786972046,0,0,0,262,-153,-277
3410,-0.162695318460464,0.177050784230232,10.35986328125,0,0,0,262,-153,-273
3411,-0.172265633940697,0.172265633940697,10.3742189407349,0,0,0,263,-154,-277
3412,-0.177050784230232,0.16748046875,10.3933591842651,0,0,0,266,-152,-274
3413,-0.177050784230232,0.177050784230232,10.4220705032349,0,0,0,268,-157,-274
3414,-0.162695318460464,0.181835934519768,10.3885746002197,0,0,0,264,-159,-277
3415,-0.162695318460464,0.172265633940697,10.3981447219849,0,0,0,265,-158,-274
3416,-0.172265633940697,0.181835934519768,10.3837890625,0,0,0,267,-160,-275
3417,-0.16748046875,0.162695318460464,10.3790044784546,0,0,0,266,-161,-278
3418,-0.157910153269768,0.177050784230232,10.35986328125,0,0,0,264,-159,-277
3419,-0.172265633940697,0.172265633940697,10.3790044784546,0,0,0,268,-156,-274
3420,-0.157910153269768,0.16748046875,10.3837890625,0,0,0,268,-157,-275
3421,-0.172265633940697,0.162695318460464,10.3885746002197,0,0,0,266,-157,-278
3422,-0.157910153269768,0.181835934519768,10.3837890625,0,0,0,264,-154,-280
3423,-0.162695318460464,0.177050784230232,10.3981447219849,0,0,0,263,-153,-277
3424,-0.162695318460464,0.181835934519768,10.3694334030151,0,0,0,264,-153,-277
3425,-0.157910153269768,0.16748046875,10.35986328125,0,0,0,265,-154,-277
3426,-0.16748046875,0.16748046875,10.3742189407349,0,0,0,263,-157,-276
3427,-0.16748046875,0.157910153269768,10.3885746002197,0,0,0,265,-156,-276
3428,-0.162695318460464,0.177050784230232,10.3646488189697,0,0,0,268,-155,-273
3429,-0.162695318460464,0.19140625,10.3646488189697,0,0,0,269,-154,-275
3430,-0.162695318460464,0.177050784230232,10.3981447219849,0,0,0,267,-158,-275
3431,-0.153125002980232,0.177050784230232,10.3885746002197,0,0,0,267,-158,-275
3432,-0.157910153269768,0.162695318460464,10.3502931594849,0,0,0,266,-155,-276
3433,-0.157910153269768,0.177050784230232,10.3837890625,0,0,0,266,-154,-279
3434,-0.162695318460464,0.177050784230232,10.3837890625,0,0,0,265,-154,-273
3435,-0.16748046875,0.186621099710464,10.3933591842651,0,0,0,265,-152,-274
3436,-0.157910153269768,0.172265633940697,10.3837890625,0,0,0,266,-153,-274
3437,-0.16748046875,0.172265633940697,10.3694334030151,0,0,0,264,-155,-275
3438,-0.157910153269768,0.172265633940697,10.3837890625,0,0,0,261,-155,-275
3439,-0.162695318460464,0.177050784230232,10.35986328125,0,0,0,261,-154,-275
3440,-0.157910153269768,0.172265633940697,10.3790044784546,0,0,0,263,-155,-280
3441,-0.172265633940697,0.177050784230232,10.3742189407349,0,0,0,264,-159,-277
3442,-0.148339852690697,0.172265633940697,10.3981447219849,0,0,0,263,-155,-277
3443,-0.148339852690697,0.186621099710464,10.3885746002197,0,0,0,267,-157,-276
3444,-0.162695318460464,0.186621099710464,10.3694334030151,0,0,0,268,-156,-278
3445,-0.157910153269768,0.16748046875,10.3885746002197,0,0,0,265,-155,-278
3446,-0.153125002980232,0.172265633940697,10.3694334030151,0,0,0,260,-156,-278
3447,-0.153125002980232,0.181835934519768,10.3933591842651,0,0,0,263,-156,-277
3448,-0.153125002980232,0.157910153269768,10.3502931594849,0,0,0,264,-157,-278
3449,-0.172265633940697,0.177050784230232,10.3885746002197,0,0,0,264,-158,-278
3450,-0.162695318460464,0.172265633940697,10.3646488189697,0,0,0,266,-157,-280
3451,-0.162695318460464,0.172265633940697,10.3837890625,0,0,0,267,-159,-279
3452,-0.153125002980232,0.177050784230232,10.3694334030151,0,0,0,264,-156,-281
3453,-0.16748046875,0.16748046875,10.3790044784546,0,0,0,266,-155,-282
3454,-0.153125002980232,0.162695318460464,10.3742189407349,0,0,0,265,-157,-279
3455,-0.162695318460464,0.177050784230232,10.3646488189697,0,0,0,264,-155,-280
3456,-0.162695318460464,0.162695318460464,10.3933591842651,0,0,0,263,-153,-278
3457,-0.177050784230232,0.177050784230232,10.3694334030151,0,0,0,264,-152,-276
3458,-0.153125002980232,0.172265633940697,10.3550786972046,0,0,0,263,-155,-278
3459,-0.177050784230232,0.181835934519768,10.3837890625,0,0,0,262,-155,-280
3460,-0.162695318460464,0.177050784230232,10.3885746002197,0,0,0,264,-155,-282
3461,-0.16748046875,0.177050784230232,10.3981447219849,0,0,0,264,-155,-278
3462,-0.16748046875,0.177050784230232,10.3550786972046,0,0,0,262,-154,-280
3463,-0.157910153269768,0.177050784230232,10.3790044784546,0,0,0,266,-154,-283
3464,-0.162695318460464,0.186621099710464,10.3837890625,0,0,0,265,-154,-276
3465,-0.153125002980232,0.16748046875,10.3646488189697,0,0,0,265,-154,-275
3466,-0.16748046875,0.172265633940697,10.3742189407349,0,0,0,267,-154,-276
3467,-0.157910153269768,0.162695318460464,10.3694334030151,0,0,0,266,-155,-277
3468,-0.16748046875,0.16748046875,10.3790044784546,0,0,0,266,-155,-276
3469,-0.162695318460464,0.181835934519768,10.3694334030151,0,0,0,265,-157,-278
3470,-0.16748046875,0.172265633940697,10.3885746002197,0,0,0,262,-155,-278
3471,-0.157910153269768,0.16748046875,10.3837890625,0,0,0,264,-156,-279
3472,-0.157910153269768,0.172265633940697,10.3837890625,0,0,0,264,-154,-280
3473,-0.162695318460464,0.177050784230232,10.3885746002197,0,0,0,263,-154,-278
3474,-0.181835934519768,0.162695318460464,10.3646488189697,0,0,0,262,-153,-278
3475,-0.172265633940697,0.172265633940697,10.3837890625,0,0,0,262,-154,-279
3476,-0.138769537210464,0.172265633940697,10.3694334030151,0,0,0,264,-153,-278
3477,-0.153125002980232,0.177050784230232,10.4029302597046,0,0,0,268,-150,-273
3478,-0.157910153269768,0.19140625,10.3646488189697,0,0,0,268,-153,-276
3479,-0.177050784230232,0.181835934519768,10.3885746002197,0,0,0,266,-154,-276
3480,-0.148339852690697,0.177050784230232,10.4029302597046,0,0,0,267,-155,-276
3481,-0.162695318460464,0.181835934519768,10.40771484375,0,0,0,266,-152,-275
3482,-0.157910153269768,0.172265633940697,10.3933591842651,0,0,0,264,-153,-278
3483,-0.162695318460464,0.172265633940697,10.3837890625,0,0,0,260,-150,-276
3484,-0.1435546875,0.186621099710464,10.3790044784546,0,0,0,261,-153,-278
3485,-0.16748046875,0.177050784230232,10.3933591842651,0,0,0,265,-153,-277
3486,-0.162695318460464,0.177050784230232,10.3694334030151,0,0,0,268,-156,-271
3487,-0.172265633940697,0.172265633940697,10.3885746002197,0,0,0,265,-153,-275
3488,-0.177050784230232,0.16748046875,10.3694334030151,0,0,0,266,-150,-278
3489,-0.177050784230232,0.177050784230232,10.3933591842651,0,0,0,266,-155,-276
3490,-0.162695318460464,0.172265633940697,10.3790044784546,0,0,0,264,-155,-276
3491,-0.153125002980232,0.177050784230232,10.3933591842651,0,0,0,264,-154,-277
3492,-0.157910153269768,0.177050784230232,10.3790044784546,0,0,0,265,-150,-273
3493,-0.172265633940697,0.172265633940697,10.3646488189697,0,0,0,265,-152,-272
3494,-0.162695318460464,0.181835934519768,10.35986328125,0,0,0,265,-155,-273
3495,-0.16748046875,0.186621099710464,10.3885746002197,0,0,0,263,-154,-276
3496,-0.16748046875,0.177050784230232,10.3933591842651,0,0,0,263,-156,-277
3497,-0.148339852690697,0.16748046875,10.3694334030151,0,0,0,263,-156,-277
3498,-0.148339852690697,0.177050784230232,10.3885746002197,0,0,0,261,-156,-275
3499,-0.157910153269768,0.181835934519768,10.3837890625,0,0,0,261,-155,-278
3500,-0.157910153269768,0.16748046875,10.3981447219849,0,0,0,263,-155,-279
3501,-0.162695318460464,0.172265633940697,10.3885746002197,0,0,0,267,-155,-277
3502,-0.148339852690697,0.181835934519768,10.3837890625,0,0,0,265,-157,-277
3503,-0.16748046875,0.181835934519768,10.3694334030151,0,0,0,265,-155,-279
3504,-0.162695318460464,0.172265633940697,10.3933591842651,0,0,0,265,-153,-276
3505,-0.162695318460464,0.172265633940697,10.3885746002197,0,0,0,264,-152,-276
3506,-0.157910153269768,0.16748046875,10.3646488189697,0,0,0,261,-152,-276
3507,-0.162695318460464,0.181835934519768,10.3933591842651,0,0,0,263,-149,-273
3508,-0.162695318460464,0.162695318460464,10.3790044784546,0,0,0,263,-151,-275
3509,-0.162695318460464,0.177050784230232,10.3790044784546,0,0,0,261,-151,-274
3510,-0.157910153269768,0.177050784230232,10.3742189407349,0,0,0,263,-155,-271
3511,-0.162695318460464,0.177050784230232,10.35986328125,0,0,0,265,-153,-275
3512,-0.172265633940697,0.177050784230232,10.3455076217651,0,0,0,263,-155,-275
3513,-0.162695318460464,0.177050784230232,10.3837890625,0,0,0,263,-161,-272
3514,-0.162695318460464,0.172265633940697,10.3837890625,0,0,0,265,-157,-274
3515,-0.16748046875,0.181835934519768,10.3837890625,0,0,0,264,-156,-276
3516,-0.162695318460464,0.16748046875,10.3837890625,0,0,0,267,-153,-273
3517,-0.172265633940697,0.186621099710464,10.3694334030151,0,0,0,266,-154,-275
3518,-0.16748046875,0.16748046875,10.3933591842651,0,0,0,265,-155,-279
3519,-0.1435546875,0.19140625,10.3933591842651,0,0,0,265,-156,-278
3520,-0.162695318460464,0.19140625,10.3837890625,0,0,0,264,-155,-283
3521,-0.172265633940697,0.177050784230232,10.3933591842651,0,0,0,266,-154,-278
3522,-0.153125002980232,0.181835934519768,10.3694334030151,0,0,0,263,-155,-273
3523,-0.16748046875,0.162695318460464,10.3837890625,0,0,0,266,-153,-272
3524,-0.162695318460464,0.181835934519768,10.3694334030151,0,0,0,265,-154,-277
3525,-0.162695318460464,0.181835934519768,10.3742189407349,0,0,0,267,-153,-274
3526,-0.162695318460464,0.177050784230232,10.40771484375,0,0,0,266,-157,-276
3527,-0.162695318460464,0.181835934519768,10.3933591842651,0,0,0,268,-159,-279
3528,-0.16748046875,0.177050784230232,10.3933591842651,0,0,0,266,-156,-276
3529,-0.153125002980232,0.19140625,10.3790044784546,0,0,0,266,-154,-276
3530,-0.16748046875,0.19140625,10.3694334030151,0,0,0,266,-158,-273
3531,-0.148339852690697,0.172265633940697,10.3742189407349,0,0,0,261,-153,-269
3532,-0.157910153269768,0.177050784230232,10.3790044784546,0,0,0,262,-156,-272
3533,-0.157910153269768,0.186621099710464,10.3790044784546,0,0,0,265,-155,-274
3534,-0.162695318460464,0.186621099710464,10.3550786972046,0,0,0,264,-153,-276
3535,-0.157910153269768,0.177050784230232,10.3837890625,0,0,0,262,-154,-280
3536,-0.157910153269768,0.177050784230232,10.3646488189697,0,0,0,262,-155,-275
3537,-0.16748046875,0.162695318460464,10.3646488189697,0,0,0,260,-157,-271
3538,-0.16748046875,0.162695318460464,10.3742189407349,0,0,0,263,-157,-276
3539,-0.157910153269768,0.162695318460464,10.3646488189697,0,0,0,264,-157,-276
3540,-0.157910153269768,0.16748046875,10.3790044784546,0,0,0,265,-153,-269
3541,-0.162695318460464,0.172265633940697,10.3837890625,0,0,0,266,-152,-275
3542,-0.177050784230232,0.186621099710464,10.3790044784546,0,0,0,262,-155,-277
3543,-0.162695318460464,0.186621099710464,10.3933591842651,0,0,0,266,-154,-274
3544,-0.16748046875,0.177050784230232,10.3742189407349,0,0,0,263,-154,-276
3545,-0.162695318460464,0.16748046875,10.3837890625,0,0,0,264,-154,-279
3546,-0.153125002980232,0.157910153269768,10.3742189407349,0,0,0,259,-155,-278
3547,-0.162695318460464,0.177050784230232,10.3646488189697,0,0,0,263,-155,-279
3548,-0.16748046875,0.186621099710464,10.3933591842651,0,0,0,263,-156,-280
3549,-0.162695318460464,0.186621099710464,10.3837890625,0,0,0,261,-159,-278
3550,-0.16748046875,0.16748046875,10.3790044784546,0,0,0,260,-158,-276
3551,-0.1435546875,0.172265633940697,10.3790044784546,0,0,0,262,-159,-276
3552,-0.153125002980232,0.172265633940697,10.3981447219849,0,0,0,264,-159,-277
3553,-0.157910153269768,0.16748046875,10.3933591842651,0,0,0,264,-156,-278
3554,-0.162695318460464,0.181835934519768,10.3790044784546,0,0,0,264,-156,-276
3555,-0.172265633940697,0.177050784230232,10.4029302597046,0,0,0,264,-154,-277
3556,-0.157910153269768,0.16748046875,10.3790044784546,0,0,0,263,-157,-278
3557,-0.153125002980232,0.177050784230232,10.3646488189697,0,0,0,264,-153,-278
3558,-0.162695318460464,0.177050784230232,10.3646488189697,0,0,0,265,-153,-280
3559,-0.162695318460464,0.181835934519768,10.3646488189697,0,0,0,264,-152,-280
3560,-0.153125002980232,0.16748046875,10.3742189407349,0,0,0,264,-154,-277
3561,-0.16748046875,0.19140625,10.3790044784546,0,0,0,266,-154,-275
3562,-0.162695318460464,0.172265633940697,10.3550786972046,0,0,0,266,-155,-275
3563,-0.162695318460464,0.181835934519768,10.3790044784546,0,0,0,265,-153,-277
3564,-0.157910153269768,0.16748046875,10.3694334030151,0,0,0,267,-154,-276
3565,-0.162695318460464,0.172265633940697,10.3885746002197,0,0,0,264,-153,-275
3566,-0.162695318460464,0.177050784230232,10.3742189407349,0,0,0,266,-151,-275
3567,-0.162695318460464,0.172265633940697,10.3790044784546,0,0,0,264,-155,-277
3568,-0.157910153269768,0.19140625,10.3837890625,0,0,0,267,-156,-276
3569,-0.157910153269768,0.172265633940697,10.3837890625,0,0,0,263,-156,-275
3570,-0.172265633940697,0.162695318460464,10.3694334030151,0,0,0,263,-156,-276
3570,-0.157910153269768,0.16748046875,10.4172849655151,0,0,0,263,-155,-277
3571,-0.153125002980232,0.172265633940697,10.3981447219849,0,0,0,266,-153,-278
3572,-0.157910153269768,0.177050784230232,10.3837890625,0,0,0,262,-153,-277
3573,-0.157910153269768,0.157910153269768,10.35986328125,0,0,0,263,-153,-277
3574,-0.157910153269768,0.181835934519768,10.3790044784546,0,0,0,260,-156,-277
3575,-0.177050784230232,0.162695318460464,10.3837890625,0,0,0,262,-154,-277
3576,-0.157910153269768,0.177050784230232,10.3837890625,0,0,0,266,-153,-276
3577,-0.162695318460464,0.16748046875,10.3790044784546,0,0,0,265,-153,-276
3578,-0.162695318460464,0.172265633940697,10.3790044784546,0,0,0,264,-154,-276
3579,-0.157910153269768,0.172265633940697,10.3837890625,0,0,0,264,-154,-275
3580,-0.162695318460464,0.177050784230232,10.3742189407349,0,0,0,265,-155,-277
3581,-0.162695318460464,0.177050784230232,10.3550786972046,0,0,0,267,-157,-275
3582,-0.162695318460464,0.19140625,10.3933591842651,0,0,0,265,-159,-278
3583,-0.157910153269768,0.186621099710464,10.35986328125,0,0,0,264,-157,-278
3584,-0.153125002980232,0.19140625,10.3790044784546,0,0,0,266,-154,-276
3585,-0.16748046875,0.177050784230232,10.3790044784546,0,0,0,269,-157,-273
3586,-0.157910153269768,0.181835934519768,10.3837890625,0,0,0,263,-157,-274
3587,-0.157910153269768,0.177050784230232,10.3742189407349,0,0,0,263,-156,-272
3588,-0.181835934519768,0.177050784230232,10.3790044784546,0,0,0,265,-155,-277
3589,-0.16748046875,0.177050784230232,10.3646488189697,0,0,0,265,-154,-278
3590,-0.16748046875,0.181835934519768,10.3885746002197,0,0,0,265,-158,-278
3591,-0.157910153269768,0.186621099710464,10.3502931594849,0,0,0,266,-158,-276
3592,-0.162695318460464,0.172265633940697,10.3502931594849,0,0,0,265,-157,-274
3593,-0.153125002980232,0.172265633940697,10.3933591842651,0,0,0,264,-156,-274
3594,-0.157910153269768,0.181835934519768,10.3742189407349,0,0,0,264,-154,-276
3595,-0.172265633940697,0.186621099710464,10.3550786972046,0,0,0,264,-154,-277
3596,-0.172265633940697,0.157910153269768,10.3837890625,0,0,0,270,-152,-274
3597,-0.157910153269768,0.172265633940697,10.3646488189697,0,0,0,268,-153,-276
3598,-0.177050784230232,0.177050784230232,10.3694334030151,0,0,0,263,-153,-274
3599,-0.16748046875,0.16748046875,10.3885746002197,0,0,0,264,-155,-274
3600,-0.16748046875,0.186621099710464,10.3646488189697,0,0,0,262,-154,-274
3601,-0.16748046875,0.172265633940697,10.3885746002197,0,0,0,265,-157,-274
3602,-0.172265633940697,0.181835934519768,10.35986328125,0,0,0,265,-157,-274
3603,-0.162695318460464,0.186621099710464,10.3837890625,0,0,0,263,-154,-274
3604,-0.162695318460464,0.16748046875,10.4029302597046,0,0,0,263,-155,-276
3605,-0.172265633940697,0.177050784230232,10.4029302597046,0,0,0,268,-157,-275
3606,-0.177050784230232,0.162695318460464,10.3885746002197,0,0,0,265,-153,-274
3607,-0.16748046875,0.181835934519768,10.3646488189697,0,0,0,266,-153,-274
3608,-0.16748046875,0.186621099710464,10.3790044784546,0,0,0,263,-156,-275
3609,-0.162695318460464,0.177050784230232,10.3694334030151,0,0,0,263,-155,-273
3610,-0.157910153269768,0.172265633940697,10.3694334030151,0,0,0,263,-154,-274
3611,-0.162695318460464,0.16748046875,10.35986328125,0,0,0,266,-149,-272
3612,-0.162695318460464,0.16748046875,10.3933591842651,0,0,0,261,-152,-276
3613,-0.181835934519768,0.162695318460464,10.3502931594849,0,0,0,262,-151,-276
3614,-0.157910153269768,0.172265633940697,10.3742189407349,0,0,0,265,-153,-274
3615,-0.177050784230232,0.181835934519768,10.3790044784546,0,0,0,264,-154,-274
3616,-0.153125002980232,0.16748046875,10.3790044784546,0,0,0,265,-153,-276
3617,-0.157910153269768,0.162695318460464,10.3742189407349,0,0,0,266,-155,-272
3618,-0.162695318460464,0.16748046875,10.3742189407349,0,0,0,263,-157,-274
3619,-0.157910153269768,0.181835934519768,10.3837890625,0,0,0,264,-158,-275
3620,-0.153125002980232,0.177050784230232,10.3742189407349,0,0,0,269,-156,-270
3621,-0.172265633940697,0.181835934519768,10.3885746002197,0,0,0,266,-156,-275
3622,-0.148339852690697,0.19140625,10.3933591842651,0,0,0,267,-158,-277
3623,-0.177050784230232,0.16748046875,10.3885746002197,0,0,0,265,-157,-278
3624,-0.162695318460464,0.16748046875,10.3885746002197,0,0,0,264,-155,-278
3625,-0.153125002980232,0.172265633940697,10.3742189407349,0,0,0,262,-152,-276
3626,-0.153125002980232,0.181835934519768,10.3885746002197,0,0,0,262,-149,-273
3627,-0.172265633940697,0.172265633940697,10.3837890625,0,0,0,262,-149,-278
3628,-0.162695318460464,0.181835934519768,10.3694334030151,0,0,0,263,-153,-276
3629,-0.153125002980232,0.162695318460464,10.3694334030151,0,0,0,267,-155,-274
3630,-0.16748046875,0.177050784230232,10.3790044784546,0,0,0,266,-155,-273
3631,-0.16748046875,0.162695318460464,10.3790044784546,0,0,0,266,-155,-274
3632,-0.162695318460464,0.181835934519768,10.3981447219849,0,0,0,266,-156,-273
3633,-0.157910153269768,0.172265633940697,10.3885746002197,0,0,0,261,-157,-275
3634,-0.162695318460464,0.181835934519768,10.3933591842651,0,0,0,263,-154,-276
3635,-0.162695318460464,0.172265633940697,10.3550786972046,0,0,0,264,-149,-274
3636,-0.162695318460464,0.172265633940697,10.3933591842651,0,0,0,264,-152,-274
3637,-0.177050784230232,0.16748046875,10.3885746002197,0,0,0,267,-153,-275
3638,-0.157910153269768,0.181835934519768,10.3550786972046,0,0,0,267,-154,-275
3639,-0.1435546875,0.177050784230232,10.3742189407349,0,0,0,265,-155,-276
3640,-0.162695318460464,0.172265633940697,10.3694334030151,0,0,0,266,-155,-276
3641,-0.16748046875,0.16748046875,10.3742189407349,0,0,0,264,-155,-275
3642,-0.162695318460464,0.177050784230232,10.3885746002197,0,0,0,264,-156,-275
3643,-0.162695318460464,0.172265633940697,10.3742189407349,0,0,0,264,-154,-276
3644,-0.153125002980232,0.16748046875,10.3646488189697,0,0,0,266,-152,-273
3645,-0.153125002980232,0.177050784230232,10.3790044784546,0,0,0,264,-151,-273
3646,-0.162695318460464,0.172265633940697,10.3837890625,0,0,0,266,-150,-275
3647,-0.153125002980232,0.181835934519768,10.3933591842651,0,0,0,264,-155,-277
3648,-0.157910153269768,0.172265633940697,10.3933591842651,0,0,0,266,-154,-278
3649,-0.157910153269768,0.186621099710464,10.3694334030151,0,0,0,268,-154,-275
3650,-0.16748046875,0.181835934519768,10.3742189407349,0,0,0,264,-152,-275
3651,-0.153125002980232,0.177050784230232,10.3790044784546,0,0,0,264,-155,-275
3652,-0.153125002980232,0.177050784230232,10.3550786972046,0,0,0,262,-155,-278
3653,-0.157910153269768,0.181835934519768,10.35986328125,0,0,0,260,-159,-280
3654,-0.162695318460464,0.177050784230232,10.3837890625,0,0,0,262,-157,-280
3655,-0.157910153269768,0.177050784230232,10.3837890625,0,0,0,264,-156,-276
3656,-0.16748046875,0.19140625,10.3742189407349,0,0,0,265,-156,-276
3657,-0.162695318460464,0.181835934519768,10.3742189407349,0,0,0,261,-157,-277
3658,-0.177050784230232,0.16748046875,10.3694334030151,0,0,0,264,-155,-276
3659,-0.162695318460464,0.177050784230232,10.3981447219849,0,0,0,263,-154,-276
3660,-0.177050784230232,0.162695318460464,10.3694334030151,0,0,0,263,-156,-275
3661,-0.16748046875,0.177050784230232,10.3646488189697,0,0,0,263,-158,-275
3662,-0.16748046875,0.177050784230232,10.3837890625,0,0,0,264,-156,-276
3663,-0.16748046875,0.177050784230232,10.3837890625,0,0,0,264,-157,-276
3664,-0.172265633940697,0.181835934519768,10.3742189407349,0,0,0,264,-157,-279
3665,-0.16748046875,0.186621099710464,10.3646488189697,0,0,0,265,-157,-281
3666,-0.153125002980232,0.177050784230232,10.3933591842651,0,0,0,263,-156,-278
3667,-0.162695318460464,0.177050784230232,10.3694334030151,0,0,0,262,-158,-275
3668,-0.153125002980232,0.172265633940697,10.3837890625,0,0,0,264,-157,-275
3669,-0.172265633940697,0.181835934519768,10.3933591842651,0,0,0,264,-158,-276
3670,-0.162695318460464,0.172265633940697,10.35986328125,0,0,0,264,-156,-279
3671,-0.16748046875,0.186621099710464,10.35986328125,0,0,0,263,-154,-278
3672,-0.162695318460464,0.181835934519768,10.3885746002197,0,0,0,265,-156,-280
3673,-0.177050784230232,0.177050784230232,10.3694334030151,0,0,0,264,-157,-279
3674,-0.162695318460464,0.181835934519768,10.3837890625,0,0,0,264,-158,-278
3675,-0.172265633940697,0.186621099710464,10.3837890625,0,0,0,263,-158,-277
3676,-0.162695318460464,0.177050784230232,10.3646488189697,0,0,0,264,-160,-276
3677,-0.153125002980232,0.181835934519768,10.3837890625,0,0,0,264,-159,-274
3678,-0.162695318460464,0.186621099710464,10.3790044784546,0,0,0,263,-156,-275
3679,-0.172265633940697,0.186621099710464,10.3550786972046,0,0,0,262,-156,-277
3680,-0.16748046875,0.162695318460464,10.35986328125,0,0,0,263,-155,-276
3681,-0.162695318460464,0.153125002980232,10.3885746002197,0,0,0,264,-158,-276
3682,-0.16748046875,0.19140625,10.3885746002197,0,0,0,264,-157,-278
3683,-0.162695318460464,0.186621099710464,10.3885746002197,0,0,0,266,-155,-279
3684,-0.157910153269768,0.172265633940697,10.3550786972046,0,0,0,264,-157,-277
3685,-0.16748046875,0.162695318460464,10.3933591842651,0,0,0,265,-154,-277
3686,-0.153125002980232,0.16748046875,10.3837890625,0,0,0,264,-154,-278
3687,-0.162695318460464,0.181835934519768,10.3742189407349,0,0,0,263,-154,-277
3688,-0.162695318460464,0.177050784230232,10.3837890625,0,0,0,263,-155,-276
3689,-0.172265633940697,0.177050784230232,10.3790044784546,0,0,0,263,-156,-274
3690,-0.16748046875,0.177050784230232,10.3981447219849,0,0,0,264,-156,-275
3691,-0.16748046875,0.172265633940697,10.35986328125,0,0,0,265,-156,-276
3692,-0.172265633940697,0.181835934519768,10.3694334030151,0,0,0,266,-157,-278
3693,-0.162695318460464,0.181835934519768,10.3694334030151,0,0,0,266,-154,-275
3694,-0.177050784230232,0.177050784230232,10.35986328125,0,0,0,264,-153,-276
3695,-0.177050784230232,0.16748046875,10.3981447219849,0,0,0,263,-152,-276
3696,-0.148339852690697,0.177050784230232,10.35986328125,0,0,0,263,-156,-274
3697,-0.172265633940697,0.153125002980232,10.3550786972046,0,0,0,262,-154,-276
3698,-0.172265633940697,0.177050784230232,10.3837890625,0,0,0,263,-154,-278
3699,-0.177050784230232,0.172265633940697,10.3981447219849,0,0,0,261,-156,-277
3700,-0.162695318460464,0.157910153269768,10.3790044784546,0,0,0,262,-157,-278
3701,-0.157910153269768,0.181835934519768,10.3790044784546,0,0,0,266,-158,-275
3702,-0.162695318460464,0.181835934519768,10.3837890625,0,0,0,268,-154,-273
3703,-0.162695318460464,0.177050784230232,10.3502931594849,0,0,0,265,-155,-275
3704,-0.16748046875,0.172265633940697,10.3790044784546,0,0,0,264,-154,-276
3705,-0.16748046875,0.172265633940697,10.3933591842651,0,0,0,263,-154,-278
3706,-0.157910153269768,0.162695318460464,10.3694334030151,0,0,0,261,-154,-277
3707,-0.172265633940697,0.16748046875,10.3837890625,0,0,0,260,-152,-274
3708,-0.172265633940697,0.177050784230232,10.3742189407349,0,0,0,262,-148,-274
3709,-0.157910153269768,0.177050784230232,10.3646488189697,0,0,0,265,-149,-276
3710,-0.162695318460464,0.172265633940697,10.3742189407349,0,0,0,262,-152,-277
3711,-0.16748046875,0.172265633940697,10.3885746002197,0,0,0,264,-154,-276
3712,-0.162695318460464,0.157910153269768,10.3885746002197,0,0,0,263,-154,-277
3713,-0.172265633940697,0.177050784230232,10.3837890625,0,0,0,264,-152,-278
3714,-0.148339852690697,0.16748046875,10.3790044784546,0,0,0,261,-155,-275
3715,-0.172265633940697,0.19140625,10.3790044784546,0,0,0,263,-153,-276
3716,-0.157910153269768,0.177050784230232,10.3646488189697,0,0,0,267,-153,-278
3717,-0.162695318460464,0.177050784230232,10.3790044784546,0,0,0,268,-152,-276
3718,-0.157910153269768,0.172265633940697,10.3790044784546,0,0,0,268,-153,-277
3719,-0.16748046875,0.186621099710464,10.3694334030151,0,0,0,267,-151,-279
3720,-0.157910153269768,0.181835934519768,10.3837890625,0,0,0,267,-154,-278
3721,-0.153125002980232,0.181835934519768,10.3742189407349,0,0,0,266,-156,-278
3722,-0.16748046875,0.172265633940697,10.3694334030151,0,0,0,264,-158,-280
3723,-0.16748046875,0.200976565480232,10.3646488189697,0,0,0,263,-155,-277
3724,-0.162695318460464,0.19140625,10.3742189407349,0,0,0,262,-154,-276
3725,-0.16748046875,0.181835934519768,10.3933591842651,0,0,0,262,-156,-276
3726,-0.153125002980232,0.181835934519768,10.3694334030151,0,0,0,264,-156,-275
3727,-0.177050784230232,0.172265633940697,10.3646488189697,0,0,0,264,-157,-279
3728,-0.162695318460464,0.181835934519768,10.35986328125,0,0,0,266,-153,-276
3729,-0.157910153269768,0.172265633940697,10.3933591842651,0,0,0,266,-154,-277
3730,-0.157910153269768,0.177050784230232,10.3885746002197,0,0,0,265,-156,-276
3731,-0.162695318460464,0.157910153269768,10.3646488189697,0,0,0,264,-155,-278
3732,-0.153125002980232,0.177050784230232,10.3550786972046,0,0,0,263,-152,-274
3733,-0.177050784230232,0.181835934519768,10.3837890625,0,0,0,263,-155,-275
3734,-0.16748046875,0.172265633940697,10.3694334030151,0,0,0,265,-157,-277
3735,-0.172265633940697,0.172265633940697,10.3885746002197,0,0,0,266,-160,-274
3736,-0.162695318460464,0.181835934519768,10.3694334030151,0,0,0,266,-157,-277
3737,-0.19140625,0.181835934519768,10.3550786972046,0,0,0,266,-156,-278
3738,-0.162695318460464,0.186621099710464,10.3646488189697,0,0,0,265,-157,-277
3739,-0.162695318460464,0.177050784230232,10.3885746002197,0,0,0,266,-155,-276
3740,-0.162695318460464,0.181835934519768,10.3790044784546,0,0,0,268,-156,-273
3741,-0.162695318460464,0.16748046875,10.3694334030151,0,0,0,270,-153,-272
3742,-0.181835934519768,0.177050784230232,10.3694334030151,0,0,0,264,-155,-277
3743,-0.177050784230232,0.172265633940697,10.35986328125,0,0,0,263,-155,-276
3744,-0.16748046875,0.181835934519768,10.3981447219849,0,0,0,262,-156,-278
3745,-0.172265633940697,0.177050784230232,10.3694334030151,0,0,0,262,-153,-279
3746,-0.162695318460464,0.16748046875,10.3790044784546,0,0,0,261,-152,-279
3747,-0.16748046875,0.181835934519768,10.3790044784546,0,0,0,262,-151,-276
3748,-0.153125002980232,0.177050784230232,10.3790044784546,0,0,0,264,-151,-275
3749,-0.162695318460464,0.16748046875,10.3742189407349,0,0,0,264,-152,-275
3750,-0.172265633940697,0.172265633940697,10.3790044784546,0,0,0,263,-152,-276
3751,-0.16748046875,0.16748046875,10.3885746002197,0,0,0,263,-154,-277
3752,-0.157910153269768,0.186621099710464,10.3837890625,0,0,0,261,-157,-275
3753,-0.16748046875,0.162695318460464,10.3885746002197,0,0,0,260,-158,-274
3754,-0.172265633940697,0.177050784230232,10.3646488189697,0,0,0,261,-157,-273
3755,-0.172265633940697,0.16748046875,10.3837890625,0,0,0,264,-157,-275
3756,-0.172265633940697,0.186621099710464,10.35986328125,0,0,0,263,-153,-269
3757,-0.162695318460464,0.177050784230232,10.35986328125,0,0,0,265,-155,-275
3758,-0.172265633940697,0.181835934519768,10.3742189407349,0,0,0,264,-153,-276
3759,-0.162695318460464,0.181835934519768,10.3837890625,0,0,0,264,-153,-276
3760,-0.16748046875,0.177050784230232,10.3646488189697,0,0,0,264,-155,-274
3761,-0.177050784230232,0.181835934519768,10.3885746002197,0,0,0,262,-157,-274
3762,-0.16748046875,0.162695318460464,10.3790044784546,0,0,0,259,-158,-272
3763,-0.153125002980232,0.177050784230232,10.3837890625,0,0,0,263,-155,-276
3764,-0.172265633940697,0.172265633940697,10.3694334030151,0,0,0,266,-156,-275
3765,-0.157910153269768,0.177050784230232,10.3837890625,0,0,0,266,-156,-276
3766,-0.177050784230232,0.181835934519768,10.3742189407349,0,0,0,266,-156,-278
3767,-0.16748046875,0.177050784230232,10.3742189407349,0,0,0,264,-155,-277
3768,-0.162695318460464,0.181835934519768,10.3933591842651,0,0,0,264,-153,-279
3769,-0.172265633940697,0.181835934519768,10.3742189407349,0,0,0,265,-154,-275
3770,-0.177050784230232,0.172265633940697,10.3742189407349,0,0,0,266,-155,-278
3771,-0.16748046875,0.157910153269768,10.3646488189697,0,0,0,266,-156,-277
3772,-0.16748046875,0.177050784230232,10.3742189407349,0,0,0,265,-154,-275
3773,-0.177050784230232,0.177050784230232,10.3885746002197,0,0,0,267,-157,-277
3774,-0.157910153269768,0.186621099710464,10.3790044784546,0,0,0,264,-155,-276
3775,-0.157910153269768,0.172265633940697,10.3837890625,0,0,0,264,-155,-276
3776,-0.162695318460464,0.177050784230232,10.3933591842651,0,0,0,262,-155,-278
3777,-0.16748046875,0.186621099710464,10.3646488189697,0,0,0,266,-155,-279
3778,-0.162695318460464,0.186621099710464,10.3550786972046,0,0,0,265,-154,-282
3779,-0.162695318460464,0.177050784230232,10.3694334030151,0,0,0,265,-153,-282
3780,-0.16748046875,0.177050784230232,10.3694334030151,0,0,0,266,-154,-278
3781,-0.16748046875,0.172265633940697,10.3933591842651,0,0,0,267,-155,-279
3782,-0.157910153269768,0.177050784230232,10.3790044784546,0,0,0,268,-155,-277
3783,-0.172265633940697,0.186621099710464,10.3885746002197,0,0,0,266,-154,-278
3784,-0.162695318460464,0.177050784230232,10.3502931594849,0,0,0,266,-153,-275
3785,-0.162695318460464,0.16748046875,10.3502931594849,0,0,0,267,-155,-277
3786,-0.16748046875,0.172265633940697,10.3694334030151,0,0,0,265,-157,-277
3787,-0.157910153269768,0.181835934519768,10.3742189407349,0,0,0,264,-156,-275
3788,-0.172265633940697,0.16748046875,10.3742189407349,0,0,0,264,-157,-277
3789,-0.177050784230232,0.181835934519768,10.35986328125,0,0,0,264,-156,-280
3790,-0.16748046875,0.177050784230232,10.3837890625,0,0,0,266,-158,-281
3791,-0.16748046875,0.186621099710464,10.3694334030151,0,0,0,266,-157,-279
3792,-0.16748046875,0.172265633940697,10.3790044784546,0,0,0,264,-156,-279
3793,-0.16748046875,0.177050784230232,10.3742189407349,0,0,0,262,-153,-277
3794,-0.172265633940697,0.181835934519768,10.3790044784546,0,0,0,263,-154,-275
3795,-0.172265633940697,0.19140625,10.35986328125,0,0,0,264,-155,-276
3796,-0.153125002980232,0.162695318460464,10.3837890625,0,0,0,266,-155,-278
3797,-0.16748046875,0.177050784230232,10.3790044784546,0,0,0,266,-157,-280
3798,-0.157910153269768,0.177050784230232,10.3837890625,0,0,0,267,-160,-277
3799,-0.153125002980232,0.162695318460464,10.3694334030151,0,0,0,266,-159,-275
3800,-0.177050784230232,0.177050784230232,10.3742189407349,0,0,0,267,-157,-277
3801,-0.16748046875,0.172265633940697,10.3837890625,0,0,0,264,-157,-277
3802,-0.177050784230232,0.172265633940697,10.3455076217651,0,0,0,263,-156,-275
3803,-0.172265633940697,0.177050784230232,10.3742189407349,0,0,0,264,-155,-278
3804,-0.16748046875,0.181835934519768,10.3646488189697,0,0,0,263,-151,-273
3805,-0.157910153269768,0.181835934519768,10.3790044784546,0,0,0,264,-155,-274
3806,-0.162695318460464,0.172265633940697,10.35986328125,0,0,0,263,-154,-275
3807,-0.162695318460464,0.16748046875,10.3742189407349,0,0,0,265,-156,-273
3808,-0.16748046875,0.172265633940697,10.3790044784546,0,0,0,262,-151,-277
3809,-0.16748046875,0.181835934519768,10.3646488189697,0,0,0,262,-154,-276
3810,-0.16748046875,0.16748046875,10.3646488189697,0,0,0,264,-153,-275
3811,-0.16748046875,0.172265633940697,10.3885746002197,0,0,0,266,-157,-275
3812,-0.177050784230232,0.172265633940697,10.3933591842651,0,0,0,263,-154,-275
3813,-0.177050784230232,0.177050784230232,10.3550786972046,0,0,0,271,-151,-271
3814,-0.157910153269768,0.181835934519768,10.3742189407349,0,0,0,267,-152,-274
3815,-0.16748046875,0.186621099710464,10.3694334030151,0,0,0,263,-153,-277
3816,-0.162695318460464,0.16748046875,10.3790044784546,0,0,0,264,-153,-276
3817,-0.172265633940697,0.177050784230232,10.3742189407349,0,0,0,263,-153,-277
3818,-0.16748046875,0.172265633940697,10.3694334030151,0,0,0,265,-155,-277
3819,-0.162695318460464,0.162695318460464,10.35986328125,0,0,0,262,-151,-272
3820,-0.157910153269768,0.172265633940697,10.35986328125,0,0,0,264,-153,-277
3821,-0.172265633940697,0.181835934519768,10.3502931594849,0,0,0,268,-153,-279
3822,-0.16748046875,0.181835934519768,10.3837890625,0,0,0,271,-155,-274
3823,-0.16748046875,0.177050784230232,10.3790044784546,0,0,0,264,-154,-277
3824,-0.157910153269768,0.181835934519768,10.3694334030151,0,0,0,263,-154,-280
3825,-0.157910153269768,0.16748046875,10.3742189407349,0,0,0,263,-156,-278
3825,-0.16748046875,0.16748046875,10.3694334030151,0,0,0,263,-157,-277
3826,-0.157910153269768,0.177050784230232,10.35986328125,0,0,0,263,-158,-276
3827,-0.181835934519768,0.153125002980232,10.3502931594849,0,0,0,266,-156,-275
3828,-0.172265633940697,0.172265633940697,10.3646488189697,0,0,0,267,-158,-278
3829,-0.16748046875,0.177050784230232,10.3885746002197,0,0,0,267,-159,-279
3830,-0.177050784230232,0.177050784230232,10.3790044784546,0,0,0,268,-160,-277
3831,-0.157910153269768,0.186621099710464,10.3790044784546,0,0,0,269,-159,-276
3832,-0.162695318460464,0.177050784230232,10.3455076217651,0,0,0,268,-156,-274
3833,-0.181835934519768,0.157910153269768,10.35986328125,0,0,0,265,-159,-272
3834,-0.162695318460464,0.172265633940697,10.3694334030151,0,0,0,267,-158,-273
3835,-0.16748046875,0.177050784230232,10.35986328125,0,0,0,264,-158,-275
3836,-0.157910153269768,0.177050784230232,10.3790044784546,0,0,0,265,-155,-274
3837,-0.157910153269768,0.16748046875,10.3790044784546,0,0,0,265,-156,-277
3838,-0.157910153269768,0.172265633940697,10.3885746002197,0,0,0,265,-155,-279
3839,-0.162695318460464,0.16748046875,10.3694334030151,0,0,0,263,-156,-278
